16384
68262
83041
20670
57312
76086
45729
36685
62152
97166
67170
97053
41961
94994
23512
90177
44340
38187
34915
40752
61532
39686
74952
11987
40899
91627
97846
37888
78149
86569
9729
74720
74040
73010
23609
62735
91647
46373
10399
35529
84631
60433
8498
58521
66586
52502
77729
82861
12473
7989
7468
55282
26229
49776
22147
11166
36382
89291
94489
8801
70922
7829
81714
25628
65863
70790
54342
5759
65858
88192
55779
83741
54113
12473
14987
15895
12913
30938
6504
22852
83944
35713
59465
78694
74243
13220
33104
82574
72530
14105
18489
68103
79298
83575
66303
30759
56286
5689
80558
44386
31282
63414
49761
214
6192
97178
7560
89519
28446
1414
20879
1564
67055
7046
83472
78342
17833
48191
99309
24417
54905
13238
48479
41908
1250
27775
82308
98352
8683
60681
3796
5600
50258
74291
28573
67347
26985
55749
28653
41596
98118
46826
61820
69817
25961
14463
14999
34047
4585
9159
10281
21331
44973
88386
79803
81739
88492
80968
93680
34223
98606
33196
97609
74815
29549
63149
40995
14583
90816
8395
99998
34643
74800
2398
50306
2520
76945
72929
41440
97993
89926
199
51508
34190
3560
99560
70219
57798
53759
78603
1659
85982
99583
99268
60116
67196
55296
80862
81107
60389
77716
99714
39551
90653
34696
46433
31929
68182
39985
62687
3983
68346
88518
13829
70349
43919
90908
51498
90914
99835
46844
95622
71076
43510
67091
98820
66475
79486
52824
87800
59067
52805
93893
18188
25164
88997
36177
93856
20407
56649
20808
8516
61923
30195
29459
83174
47245
64617
74310
96518
3500
24975
24652
77652
6547
89469
10239
86057
34990
67865
90288
5821
89150
1323
7219
75990
37593
20855
7286
32571
52842
97910
86183
46486
29478
34827
18944
1680
79762
4928
26473
10435
17973
14276
77909
26507
40372
91118
63071
56979
2355
65149
8372
37378
98314
94533
41451
18747
69227
70327
17795
27907
55813
25771
66400
5907
37947
81078
21230
67176
82049
39917
10313
18631
61705
96705
97968
62369
39548
1505
4627
562
95052
31069
91413
70431
90009
22251
67307
19981
70347
77636
87549
25522
13772
75072
32494
51439
19590
39411
11259
15013
2618
4289
96765
2084
3112
5202
75023
69746
75605
88465
77517
3030
13940
99694
58372
59666
56170
74050
70226
97569
7098
37518
41409
14870
33393
53507
87400
85689
34544
17093
76130
47767
41310
62322
15352
31299
29637
76711
23399
13641
78679
16761
7192
21542
85597
95518
43769
52376
60179
54678
23492
90812
24768
37098
28397
74391
68
44742
73586
77908
92220
10214
59362
27853
22250
82517
65822
50511
373
17629
76879
14446
43213
66011
45027
6064
35573
44292
20439
55755
2091
51004
55453
94917
287
26375
95749
67206
66357
88266
9222
99446
25827
6012
31689
10530
5181
34453
27494
92748
53512
19199
35533
39619
75555
57047
82523
17867
47203
19436
53430
5314
6699
1279
15386
45289
87904
16866
90393
15148
71650
74552
85971
31507
24603
10386
20350
45534
67169
17659
6890
85298
84640
29617
31017
25709
1357
11227
55507
95529
57359
64503
74749
70503
86040
77482
47873
49023
77341
2902
35575
17178
22849
56795
13347
34970
67420
21170
76182
96408
3804
79639
82207
56567
28055
53155
31608
72510
31142
16275
2201
10555
43883
38165
63467
14303
79874
49918
77395
85202
54129
62798
49506
12291
28999
36611
61349
46034
66774
56894
56559
10045
70931
92270
75010
6200
8322
90706
84117
34465
95552
31597
99118
37429
82247
5137
85866
8409
84404
59292
6431
66920
90581
92270
767
14078
43115
3624
18819
77256
96146
39246
24681
10445
89273
59342
99393
52331
52381
15906
50373
43498
73982
12904
92480
88608
42376
58469
75734
23767
91590
76378
62353
64149
35758
21828
41966
88506
88134
98589
50065
36188
30420
36226
88624
75471
67732
23447
28422
22529
50456
55560
79834
93752
47583
40430
4982
90537
72944
11037
57045
87854
2843
57789
91477
82299
99134
70624
63835
53035
51176
66255
97929
66373
3934
88332
75333
27195
28078
97981
63083
57425
86247
59101
85500
14330
90596
29298
36144
91011
31673
92633
82821
84112
38025
92996
87460
32784
84408
97877
13150
73341
90999
34221
37072
69142
37086
33047
15870
19523
72790
65523
62810
9499
54393
96069
29740
83907
41269
59528
44600
98680
52627
7304
33307
2898
32800
18403
3398
3332
10824
99175
1577
89045
51463
31058
7209
20689
13688
40431
20239
65722
97879
31711
67135
89843
61006
83100
92394
15313
34444
64736
16384
26214
99873
93813
42899
96052
11145
34279
80002
26353
54997
4894
33022
53207
60046
43651
87998
10770
62929
39358
1699
85517
11128
49350
92057
53820
53054
64659
29778
49464
81382
1773
85529
45787
58321
78782
54055
99813
43987
45773
32418
74096
56293
65845
86944
26566
39941
75869
12359
32261
21029
88108
65725
92929
68902
20407
16021
48979
41233
88605
62293
74225
52478
1344
84211
33654
92005
80877
3519
49063
46972
97445
63514
33378
61436
53646
13647
82505
41458
92830
29125
26679
4187
57364
6001
30771
13186
32445
75776
1412
64659
5466
60247
65022
63740
51184
6483
54472
61234
47607
66897
61444
34165
84382
78551
49362
87935
48184
48662
38344
31000
45520
9442
55217
43691
55505
71657
86352
73607
48017
46613
24450
1641
48874
85651
54386
92879
96342
79617
56350
12544
95634
32029
79789
44997
93001
44484
59424
88782
24918
83074
89061
86040
60379
90415
86488
82255
95530
55233
28208
85345
76938
83433
9357
65956
16481
29509
8174
65478
6164
18747
3533
15913
46548
40105
93020
20020
1708
19207
79762
932
75173
2249
33665
34515
10134
86980
43068
10171
6365
20415
96969
3008
34782
22118
95431
14065
16517
22309
71400
31838
95604
68918
57229
43562
99440
17600
89933
14548
23735
86981
50499
99351
67700
26619
37486
91292
59468
25284
84578
31911
73297
20631
44285
79645
70426
80306
79068
37135
31454
87427
31441
60788
43947
48224
43831
73786
36306
7742
87810
67740
48353
482
30298
66075
77547
26356
71641
60198
81943
66669
71356
27357
91754
64613
98595
33704
73843
30114
59658
51534
57683
18794
55033
14506
55120
55139
54146
23177
75353
77456
79243
12002
97237
88758
48473
96576
51305
52077
31936
74354
77262
63421
6984
3014
99702
73295
92488
4102
36688
89747
33853
9839
28006
49632
82104
67904
7303
68021
32483
49460
12284
10630
93381
96791
37887
88405
98232
76699
81824
49322
44673
79290
22604
48707
82195
83941
54566
80147
66768
90372
15028
25193
53282
33029
50102
15866
53314
24914
86430
4623
40522
50705
84727
88741
11730
86390
48031
78227
19263
75556
41486
99538
5004
16405
36904
42378
68518
90203
19707
42931
60723
15179
19145
21290
15880
53801
51246
13769
46418
37654
99590
85419
71427
25838
33264
88080
75877
37825
24634
37743
45478
57242
98435
43709
63190
55317
42304
47911
68785
15576
55165
43294
35649
9769
26304
18852
66191
42965
45520
48324
94797
95942
49357
97246
85438
73120
80710
14688
67246
59588
24076
45704
80962
56284
45576
26493
550
47698
43537
21073
7676
8204
14810
73165
84973
68365
8665
9959
64333
15148
6739
14931
67629
25861
41341
31550
59139
98186
4198
5057
83783
15813
56750
66421
5563
77557
8404
28529
70627
93781
47835
17308
60633
52113
68970
40549
36376
52757
83474
98706
2819
9931
46045
53675
51955
68629
98827
47794
46666
70347
69932
65356
34161
56252
14846
57674
32656
82150
66980
6097
19257
51312
24456
86056
45610
6306
34257
37924
69639
22712
42795
73635
91576
68611
84501
64181
88267
84802
35586
37618
85929
91894
16779
52143
51823
58840
31152
32531
29543
91689
134
78671
89585
77908
10915
51038
8353
97381
26768
81090
81755
45321
48048
74768
25036
59435
96788
62199
75293
80191
39876
68667
43290
66892
71213
9405
91139
90748
38500
16972
56046
38482
96104
92454
76328
21537
21979
61908
39287
32128
87644
98966
52057
1464
18706
33096
54295
22975
58611
67337
7432
2894
36087
76769
96165
5835
99731
8003
42200
54249
21158
66471
30649
90739
24765
77636
36743
47874
44933
28045
50561
60086
72938
72924
76366
34740
89520
77466
91632
12557
76738
59697
23291
16240
70489
17055
59156
37706
52127
717
55630
57208
79629
3522
53667
45872
36082
29668
37846
33991
11040
97575
49568
18651
27762
5282
43001
36851
32609
86868
81622
81960
19680
7873
29551
46609
59823
56445
26917
56023
17895
80784
70588
36106
34168
73444
16192
5317
15857
43427
2657
17227
16030
1114
59400
45171
91182
7968
67839
4385
85470
71761
96624
94039
67249
89137
35811
84570
5860
94864
52217
30992
52987
4437
51967
66491
93982
25856
27762
17583
605
12446
22508
2640
84485
47649
85081
75267
55832
7703
32620
74487
53504
59084
81026
59621
94666
62369
68131
14943
42500
85294
88721
82515
45555
49457
1359
96185
32716
82000
28930
40615
45735
80212
30243
81850
51483
37106
92747
89963
92400
43257
16830
71388
78535
64369
92559
96217
39957
62008
40056
88657
55317
49810
1051
73512
38435
76922
31354
69447
49109
62355
41343
74870
69733
49426
68766
90727
39383
20807
36400
64081
42473
30184
26033
21015
52988
8995
74836
93433
64606
10882
34131
88805
23986
44695
40045
52591
58109
79741
79020
48664
67223
72045
47012
47400
49790
47944
63068
36852
46137
51805
58611
55517
74002
76745
670
2932
26765
67284
96659
36292
64580
47819
59406
93343
29968
8777
13232
88528
62936
88425
73023
46585
14182
9234
24949
60147
80936
83718
97127
88186
75893
453
74450
87276
456
28445
9682
22710
65687
3990
51143
74212
89001
95803
60314
40086
39683
51606
8279
39587
46
96543
98288
60688
22952
34008
75919
50999
7960
63115
67765
91774
95394
32549
45551
37588
65584
76106
68039
77922
59862
68982
76706
80984
99927
71811
52946
68982
77439
7008
4313
10872
16047
67984
26614
24079
39362
11623
61749
51397
73992
22406
78989
75680
30119
13603
37891
6643
8273
30580
59169
99750
25243
91211
75246
47817
22655
43456
71765
48236
40400
96108
45762
83255
17389
962
29680
41223
40950
29177
89068
29283
77648
88868
77227
37935
83051
28152
56766
32149
54673
98214
12740
25174
1674
13651
5109
33294
15028
93225
33899
46753
5267
44185
19174
9801
91817
86076
18001
12853
892
28755
95847
90759
89502
45343
57824
53270
17407
41538
78773
85366
63501
91134
62880
90566
29897
96606
93757
70873
44170
31084
1057
6812
75252
6244
36669
77773
23243
10621
75653
42135
2948
53487
47992
89521
84185
41047
36472
10998
64515
7617
91886
51921
56469
50556
17374
53012
76988
13183
13029
10833
98949
15157
86901
58624
57111
39712
53569
81874
63827
43624
82410
72874
61238
85782
13607
81858
86296
96976
94699
89866
70892
48822
84560
81789
7172
82383
77342
15370
59130
54554
91774
66205
46233
15490
6498
37740
69090
65524
91752
11932
65992
10157
98359
49151
6366
45204
11166
45937
97264
54079
80717
2960
99119
975
63049
6322
81283
46621
27673
88002
25973
96100
22534
98376
81040
22491
97591
14793
6470
49411
68252
76901
51062
63369
87349
90833
72262
24427
59400
32650
11488
19590
11173
26146
35073
41228
2775
96900
83303
75888
15652
84888
15560
93706
93125
15452
92323
83686
98307
52173
81607
9098
50796
51239
35347
66594
5583
65814
94619
18049
53897
2439
9534
18524
73845
25435
36921
44766
82500
10857
51414
80026
6125
54605
52196
13107
44112
97716
40079
99733
78102
17986
17330
93841
35659
79140
10076
56574
48392
52379
66175
88996
51381
93224
20254
44723
58812
81055
62536
59548
50362
60967
74376
37191
45164
18261
31757
59700
61034
55809
98714
65771
25598
60533
21123
15603
88447
38306
86692
93532
20195
26272
42709
33091
94991
47951
7221
30445
39688
65292
82405
80172
63379
28804
23946
70101
51928
69479
32225
96733
30697
4528
91289
6543
93450
45281
46977
19784
44974
73430
14393
32006
71294
58966
89984
22141
40277
51961
95672
27572
98899
37584
35965
69940
36064
27614
74211
64161
54447
78787
66824
93889
6529
40236
88897
95120
36128
45487
91075
89565
90684
35717
24680
16711
1759
44669
79522
71180
15280
23869
53039
50960
8037
29091
22095
35305
58107
719
59538
37687
89325
27479
30200
68290
57561
74013
52040
55577
88867
50146
85282
56538
11988
76300
5705
76842
27091
12477
92313
2958
69677
58287
15470
82317
32537
68771
50602
59891
26628
92351
54079
79268
36885
49924
9280
90247
78860
89424
44481
70616
68667
86375
68246
23358
21350
26431
43742
127
92412
48904
20614
42405
54518
5819
68488
9133
88524
13028
9800
42095
87572
24370
22852
12578
31155
72651
19342
69527
57246
39156
61121
18024
42820
4430
81596
24405
79891
79545
46246
3961
82419
23572
655
20914
41801
11879
66744
73119
65078
1998
97154
6993
20960
60785
48694
79881
31837
86383
17163
75363
58767
7435
44365
17984
13165
80953
37224
9129
40845
32662
57218
90874
92694
17604
25788
91309
63253
95096
76676
30577
9292
25220
36099
54363
20219
57102
28781
4114
65244
62919
96644
95836
33894
4656
87851
88863
79724
77694
62718
85545
48193
45895
54159
53909
55447
75478
40730
58039
57023
73420
31101
92333
13722
16591
35498
76518
68255
43657
61657
98135
23603
66038
87220
93621
98547
51577
79778
5533
99888
42824
83316
66563
71204
54125
63064
30951
13113
77883
62694
67930
2462
94672
69972
17226
51817
16748
8675
97478
64785
30854
82013
84160
85272
12645
9593
66122
48324
26110
93602
64511
5232
90728
83786
57647
91638
4389
58206
55377
37824
27328
47998
82513
51434
48044
94901
15919
91277
38965
17452
4326
75509
64798
1050
62232
75476
9647
28553
52572
66440
9504
91361
39552
90234
2704
57856
91851
49174
68529
84279
60017
32171
64989
59942
53718
73879
81443
84616
70231
5259
57561
17452
12932
55481
94149
83218
17640
47397
84356
63097
27003
20062
68919
49043
57602
25929
79684
10876
30021
42314
37896
11999
55390
92560
244
43451
65794
50515
71258
61669
1771
99809
49250
68279
14211
70565
32186
45481
70992
79579
73797
43452
70216
87750
46458
30771
49552
55994
82980
25772
49810
7585
72400
93034
55433
3056
5152
78320
8996
6056
68391
70200
97550
62574
80079
15794
88701
25829
11924
97595
69110
24784
15530
22478
32740
69082
71295
86599
64888
87324
80658
64654
28698
55824
79583
92275
51768
83609
70556
31452
76478
11597
25876
64106
29027
32047
13157
38269
51009
2068
71797
11142
95673
52373
30452
91410
59020
549
29622
78906
4326
21841
89866
1237
52539
80559
2839
5066
7769
35864
72859
38373
76815
86161
22029
93179
19549
11294
58921
58042
11105
69702
86736
61945
56534
59817
89991
12890
35847
49448
16779
93373
200
16935
81945
82906
47758
95643
72896
34287
88879
90862
32030
17507
13214
74145
312
42207
39849
49212
76782
22493
32058
31986
7589
87454
24649
55474
26465
86301
32155
78579
94150
1205
44370
89295
40760
78492
99001
32628
51596
68074
23291
537
83043
17554
91999
95808
9413
69463
14948
697
94338
39562
74888
49672
81678
80591
45153
56400
20058
68828
39061
24013
81469
20198
85019
32832
69594
48733
79136
40631
80587
18688
91302
3232
89268
63855
57530
50996
73723
19514
35516
87666
18980
55312
37154
90022
53481
50920
8609
36281
66856
27459
29317
83612
25244
97060
50156
85972
38304
12772
19222
86426
24549
65742
50511
69139
66035
11818
8368
81229
63541
94365
11843
55939
6790
40210
14204
48281
44796
19048
78142
43312
28663
35898
80902
96131
89142
85796
27815
19950
94079
89951
54857
57838
55545
80742
51945
2163
74972
9965
50704
69663
96752
89559
11164
80769
85176
11739
45605
84876
9848
24014
58683
48216
99937
29692
57801
78406
74896
38737
26259
8938
20565
28618
23093
57006
67736
17020
72503
15741
52272
98435
83932
68835
39376
41437
17812
3054
41635
2872
86217
37068
32226
39717
68787
86803
24997
74727
1358
1406
73782
58426
71790
28908
54936
21092
27381
83983
27645
81941
82109
88408
96681
18716
56981
12545
95118
46044
51433
74283
84372
56420
5436
20173
35779
3113
25102
73288
20250
94977
70543
84489
59726
10602
21979
6551
94921
5298
34673
56224
38219
54687
47097
17263
28960
6464
8369
85072
47073
49906
20389
68736
54621
98568
47339
89826
40362
77125
27497
67187
7210
97881
62354
2712
45591
46618
43503
28144
1867
59784
12987
91744
57426
32152
44312
46323
2375
60351
84939
8460
35516
8998
28371
27030
58096
77181
16107
44852
57867
77458
90461
22929
4511
85631
54060
27691
38864
26513
3734
18235
25845
98918
41609
13182
32733
97876
70025
1743
79366
78352
7223
48683
76665
95019
27681
58776
70748
561
60541
81160
5442
51377
2336
46506
32930
17791
70955
28619
54638
56883
84552
26667
48026
33851
49330
30725
76776
43766
61155
4367
63147
38107
55456
57318
98247
36400
11797
50035
93468
14752
282
1984
73907
1136
76721
71816
62060
87848
21843
74970
41241
66461
9042
40080
73595
31343
82749
72988
95097
60780
8379
21175
30060
29603
27601
86198
82267
53096
46511
45634
33792
65458
3469
71355
22544
43120
46451
22282
37712
51699
53277
1643
63902
2181
34987
58824
70920
59362
68759
51453
92405
99023
13748
47316
20574
87627
2413
24662
74640
88189
82613
8735
29288
54334
38293
84750
50942
20682
34602
78575
32518
46664
32248
1502
69105
33120
58048
45863
82654
55321
42357
93905
92143
45109
18203
1564
50368
6682
937
41985
61984
12565
20414
60867
55878
11367
54601
13299
96828
48398
85227
92151
59408
64613
42058
99037
36914
93721
50225
56267
74769
45843
76361
98949
41880
9891
19002
98870
35965
15152
74290
87365
81991
97868
94529
98348
7336
77447
569
8419
75455
54507
44425
79809
58382
2707
82455
88676
96714
81316
81060
71079
36172
13543
84853
17706
49089
69832
87600
18728
51746
69349
54438
74134
88964
75399
77368
63990
41329
53631
50378
22795
71521
28667
60238
12353
81901
37805
3200
44539
46064
51880
32343
15328
4909
52366
33397
3521
27755
33022
79568
3778
4606
93462
77782
29053
73517
56444
73835
82117
73059
94074
66559
33863
96628
30946
34879
20633
68663
41114
46443
71808
25132
7163
72322
17825
28709
77100
18690
50795
3066
86895
94701
23015
44636
42228
11152
35028
38391
57812
68504
31964
62100
5588
22290
48833
95332
98431
81481
92753
82268
42679
58883
36895
72696
55277
78988
56094
70834
53872
2087
50805
56983
45882
51412
61821
92899
46220
76900
26837
57037
15850
94596
44569
7732
35713
93198
53302
82134
53623
69514
6753
1728
72249
19429
754
54161
77030
62935
85575
10463
31957
8667
82055
9320
12385
16812
11215
2744
50006
68860
14103
87894
86769
21990
11180
85926
10057
81813
84129
48460
96570
37037
50423
89792
20002
33876
72058
1965
16373
11609
29321
72693
20401
65098
77110
32612
79811
60987
70070
41279
20729
71948
23003
4097
15502
14867
43593
85920
3381
60374
62801
88845
54810
86413
98576
50904
9511
33619
19151
33447
60690
95450
1964
18811
77784
75839
19565
78237
77518
11162
15599
23633
67096
91061
87081
97650
3938
64035
29157
33992
55172
59309
35550
57726
38739
98868
7556
5236
88940
16100
24016
60555
38817
85434
37698
78947
91399
15774
36437
73749
57256
1040
46463
66142
65064
78674
25579
72716
22618
73555
80182
24425
13622
87613
8301
13558
80234
42048
95684
79469
18741
92002
73906
77758
82568
70127
27483
1291
59481
11831
46820
68444
21460
29266
36523
10812
5146
98190
16614
29967
77841
40683
34665
26635
4426
78068
69624
55060
41806
29075
95027
14643
17918
56329
53144
11936
16272
9898
70359
51726
32707
30836
29174
53808
79382
27404
69188
15151
65593
70748
49415
48093
69024
38455
43419
49894
25144
91985
8697
61301
10514
21250
50703
65718
98082
42965
2036
17383
94431
20964
4919
60705
1803
22588
6150
88524
61619
17439
30303
28184
92966
29937
86119
53575
70127
56060
30415
25648
42521
278
10447
58522
7701
29005
64252
20875
38606
96816
18005
66547
44472
95368
48109
20860
75243
52806
90152
36601
25536
90281
86238
79729
6913
29036
84644
72112
46564
7288
98220
14433
86795
73294
48279
32218
37668
80923
46163
25262
459
32937
12520
66648
27008
46792
77484
50432
13136
63327
43270
56599
78791
62668
74930
48657
60441
32620
48178
82464
83379
26840
16414
9424
9440
7627
29907
89791
49338
40451
51726
32461
56715
69558
39853
82256
7321
96589
79148
23907
10965
30942
74100
6698
68290
40826
90103
55941
79984
86829
50644
11082
32494
16149
35532
54471
17313
28916
74718
6700
92974
11252
69968
63601
33184
17122
99138
16592
3911
49048
36519
17265
37635
67152
93243
76203
20223
54799
80273
31862
13296
93132
15765
92407
71025
51838
92490
47120
49757
32101
80010
37236
43080
90741
99953
85588
65319
66027
25869
90376
53514
37087
40887
13866
96907
40862
73294
37173
3794
64723
8970
73598
65843
41603
75128
26732
64992
30490
31587
69256
52489
22475
32567
26679
36423
30828
79499
65973
1946
39274
43760
96085
33766
81968
50380
66980
54639
89804
85326
50768
98987
80671
38783
73066
93259
70510
36042
62546
90331
11049
11651
85851
73803
22129
65811
94526
34499
52537
76151
78537
4341
69052
59463
56622
77766
62202
58294
59968
62787
41085
90122
93289
33
9790
83831
64119
34083
18459
95842
55553
62097
91969
46120
52558
20163
18604
28919
16859
26970
58838
73099
74369
25755
74137
79312
13018
99087
31812
67610
62281
16097
2327
96621
4659
91398
79414
77128
34643
22030
32357
58704
63129
88853
85626
36524
75750
34299
43270
60366
62635
61671
21381
34492
48502
30613
38184
67554
62414
17963
57448
77286
92245
13917
41567
100000
48350
67311
16661
70736
39015
91841
32360
52667
70882
72083
9814
9640
25073
76678
55460
62305
11296
48744
55778
81529
57050
87195
83923
30065
33290
55156
1737
13100
67871
93776
88903
80833
25095
80659
66974
51986
31963
64940
86861
5206
271
48340
68628
11509
27926
36174
5513
20568
52153
86981
85875
98770
85958
59509
62098
37170
26943
88330
12294
59497
36338
34470
30830
5594
24448
73512
42773
88073
40870
7017
33806
1197
60519
67146
52321
94741
88774
12941
2095
60396
5471
75743
23832
21979
14114
87498
3487
26481
64799
98461
33547
38363
9592
68487
72231
80742
68787
25224
64940
13939
56447
16784
44946
63548
36883
47450
81982
18202
63258
22427
25628
26906
87151
53522
36179
7533
84930
16636
79314
78350
66740
77513
17540
32488
57217
80039
43120
8059
26429
5562
70157
86006
290
48794
16941
56707
6851
34882
11583
54028
33432
5209
27939
96041
35483
4603
51588
38461
51181
27522
58992
88873
2119
41051
38022
4206
40698
81461
25834
60291
98082
54909
80618
68833
41340
11253
79711
32181
93703
21623
93995
32626
91354
44927
39419
2860
78876
6171
35056
4243
83200
12293
74305
58222
34010
51500
6303
82591
55251
66435
77758
49134
95757
97890
48782
34305
25875
51704
64294
80630
65384
11431
59946
58057
91621
70656
93375
32766
1586
70263
20612
98742
73994
74215
82065
44918
92935
46630
42527
51777
77723
19981
93397
4532
49433
55477
61421
4873
90092
74356
90944
51929
74065
39572
62840
24142
92398
23420
17061
13458
28916
43759
97080
13584
52188
59272
48902
47153
35876
28028
41079
7971
64436
64194
24765
505
28621
96906
80536
64718
83345
22104
38672
18350
10752
8647
87304
65997
43430
21217
4500
74386
34246
59518
80949
42849
6594
18939
17463
72878
877
96681
85456
35921
7017
44823
39489
60516
40706
86553
63770
48562
95702
90453
20472
91505
83792
31797
20172
72520
14660
95882
88792
92177
19499
60094
43966
6726
77138
57746
65685
1209
38929
88273
20826
96880
80997
7099
93439
75665
65991
623
70791
35010
92408
40019
11997
91644
3270
17844
98400
49316
46794
51425
64566
98134
14661
1492
20767
12631
45546
7972
47433
69446
19947
92126
9085
73675
81106
98617
19616
68616
94426
9801
96826
65345
77549
11672
474
87703
66747
17249
62312
52928
93092
30634
95008
20800
21489
59481
35972
38121
62018
42230
28906
51522
60239
98478
14077
52722
101
7479
64695
89634
56333
28862
93619
87947
17452
31306
46219
20493
45094
36281
40457
41892
13336
14131
42235
14720
94095
31054
61978
16713
57617
77391
74654
11955
88492
83814
86280
5801
12113
34937
19438
78738
2257
53043
61267
11719
16575
46826
78017
60081
27446
61993
96653
35409
37895
11464
8250
22055
40601
50631
1593
44756
36501
65758
62094
28025
91687
2833
78205
71151
87456
72267
33840
18080
98479
1226
61430
17626
3197
37857
52450
54598
34799
67903
42670
5467
47584
30921
51184
80033
11661
68804
11925
37511
86127
60290
70702
75092
59233
58127
71944
85646
55984
17515
95847
79201
42296
85218
98706
4191
26426
63088
32440
45502
25424
29573
38353
50784
72513
56192
11231
4770
6110
69108
4942
40998
63499
81044
19845
30473
60296
77137
90847
42722
13663
90596
73176
50491
42277
59089
47309
41583
38085
50405
3174
80500
1609
20061
50784
98221
15757
56567
85723
41968
55233
53056
18713
83238
13070
10679
69286
21048
68502
79506
49355
6523
87517
80546
86444
41665
17671
25395
84085
49977
64930
45561
14518
91259
66504
24731
13419
65722
93916
63557
69824
57667
51972
69263
11541
33903
39517
61005
71154
96470
3176
67472
24266
10654
2893
6354
48074
18297
49626
34123
49467
90376
37868
72438
45567
92360
40865
93988
94934
55831
47903
5328
65046
49355
30274
49382
41295
64136
35645
36817
60510
44604
73644
27391
35424
14147
16616
27187
94549
93213
84964
52072
2910
25900
54325
58761
80758
52021
55665
10107
36191
51831
27220
31937
47002
67802
85630
44461
10019
51394
23277
73749
53417
17416
10287
42412
22807
45665
43890
72659
53776
83461
41765
8211
7808
96830
72862
66159
72084
28834
73161
3278
59060
40281
37944
62686
94454
38737
99630
42000
70759
42036
33783
98772
17098
72517
8924
96520
53741
13695
48520
20339
13617
26759
52131
31011
22565
88730
27256
24627
5107
20334
46755
20019
23094
82179
80478
22259
90551
55015
51449
16649
50511
85576
63409
47895
75324
80656
9326
75696
5548
97579
48696
83068
64835
17507
48327
59605
53488
4189
95116
4214
1278
14228
17394
74110
23744
97722
67178
89077
58339
57651
66882
39342
25826
56611
38356
50577
50612
54282
37543
23238
23089
46994
53693
42566
50105
77274
15063
83685
42572
3655
35144
48708
98149
18208
65254
57918
29244
25692
55869
36509
20292
51169
27329
18948
31672
94600
42124
20437
82289
99474
75662
95582
38716
71721
45229
27219
41523
4681
93310
65415
47728
51984
23886
9336
86787
24530
15712
49948
64171
39952
23170
64870
99986
80533
12532
40025
71476
8824
54150
61310
48851
20577
2361
8769
2797
43452
96505
27780
36828
15745
41931
75929
92853
66964
4839
3257
98269
46275
62614
89406
63911
29905
87932
12777
47922
68269
23979
21217
26372
3785
62753
90986
6678
38702
79282
43910
61510
76418
12887
79075
29168
48039
5467
48134
63052
20025
47169
77940
59932
46412
32760
77558
39069
97769
8429
35769
20228
93486
86439
19908
25125
78811
27425
96283
57294
53116
26153
17847
49696
5190
95452
82618
41734
30665
34271
20970
69335
97003
2935
44697
40201
46889
50195
16447
20836
77839
34823
99230
17437
19603
9785
11319
5484
91418
89522
19952
98216
18085
44769
924
20742
95017
88865
95124
8031
34173
62686
4630
69261
97969
42991
53858
63550
8935
61643
8796
21334
45764
75900
51296
62114
65312
84114
62404
47721
68218
91278
89222
4188
98173
71468
28161
40280
46219
52779
65863
92514
67115
30567
39170
83145
12842
23438
44858
95641
9063
1092
58698
69028
65923
67054
46790
61310
3078
55164
27262
82617
9426
2657
20630
16537
14419
90050
4174
63384
70353
4986
19342
27023
50264
7141
49651
57407
98395
42972
99862
53816
70358
38539
77725
52291
95131
42954
70876
38139
38711
15275
6805
35311
78315
75721
21945
48792
88181
10142
70805
99063
61088
22401
38789
55958
39596
79391
83666
64249
85570
37670
40248
62216
38400
95403
34774
94995
35264
45451
46890
28974
64622
49996
94675
61828
61325
42593
62146
74779
78800
79530
60902
99689
51366
38436
22177
92605
73088
77936
39065
51309
2569
7748
18783
37801
53908
71900
85384
51665
81138
25884
64944
49566
59588
97865
4992
46248
87539
49495
91283
84221
98035
31413
17385
93010
25553
29131
48405
10180
57256
50804
5288
87889
40962
67003
38609
991
73589
76377
92085
87985
50195
66334
17134
77116
49304
60828
33390
81757
6620
91230
95725
62653
97489
211
6840
3716
96744
86161
96122
15085
64198
79006
49130
2959
2885
87741
27922
20389
66719
36858
10113
75232
59276
62840
84700
37041
61566
79314
53228
14317
59579
60093
18739
68792
65041
79963
33824
35243
21082
32555
98580
11821
54144
62961
55394
67260
57543
60988
70142
64513
44854
85438
16120
39433
98355
42437
42778
28341
92744
92672
85678
844
21407
33257
24253
34229
16227
74632
80942
20395
63792
91635
82947
96302
77254
76171
37195
94181
32786
88316
24137
83381
51937
83495
54137
52474
69844
84264
45566
23070
45942
80237
19568
50911
75653
46083
56790
68827
2284
22324
7203
53125
33206
29784
11215
97991
78890
84806
68668
52987
59960
89846
53888
11548
63860
79439
15645
53967
65017
199
44534
34835
8084
29840
76437
89791
69171
89105
12689
6204
73134
53663
25770
56114
71716
26673
7888
43769
52617
42161
96708
80619
69407
38662
15726
29042
14002
18495
57087
59008
4088
41824
30735
33683
52816
18603
77642
14569
9926
73766
52688
3374
11902
83998
3352
90126
95134
27684
12093
21777
15502
33778
39833
25982
52032
81796
42891
33042
93415
56977
41769
83765
4325
19835
40103
3125
72276
23489
26694
27576
94521
6517
86003
10042
22796
7942
21965
57109
90422
94066
26512
10651
80011
57726
42452
23793
13547
13349
96058
6586
68145
64640
29610
47867
64169
76115
46459
27109
10874
84470
23977
19491
11718
78414
28467
99488
14493
59484
97912
94180
51612
95162
81350
4377
81647
54101
30210
57568
10658
27900
39319
86928
89054
34706
68169
16834
7836
66510
15225
78214
74868
53843
96495
56337
54486
65607
48763
91129
29657
92318
17517
6654
91218
35536
96053
56903
10778
27623
44113
44951
2779
79828
16357
26457
98294
53102
11373
59512
45097
72860
91999
499
11687
28350
80254
57631
65012
64627
22043
48055
70270
70330
42064
21066
46705
95952
82856
60508
89338
13362
54990
35986
13606
38991
11917
21640
15517
49353
83004
81738
21896
78698
45365
47003
85124
65250
24559
75652
19763
54172
86014
95869
58544
45108
94598
86218
23933
3442
66598
63798
10576
86442
82602
83000
85737
10792
69033
172
94402
37370
59283
83409
38932
65582
56577
63443
51578
89007
32672
94262
90231
43034
95720
56267
50737
15779
22662
17102
25295
68652
92927
94002
94669
57267
76032
80931
58592
73523
81493
66395
97698
71531
56049
32217
91841
36727
11858
31967
8646
12461
82322
24548
52359
44730
32506
57678
32380
10645
23679
10702
16032
36617
58877
54313
47142
63836
23036
11343
92149
57116
47355
65030
46918
29201
62145
81765
30020
50838
10514
99692
57480
13861
44597
59158
65807
26779
77307
60037
39174
6890
11295
76526
76916
59101
27342
34825
56110
97374
45601
48930
82686
43635
89592
48749
93503
83310
79365
19682
51551
49106
31573
36228
66093
50597
73057
49259
1046
3067
22331
81202
62156
32178
64532
74446
39358
85167
81409
7202
48925
94125
19169
43727
17282
35702
32773
78567
26396
78971
19543
12758
22871
17296
78075
4098
44955
16245
33777
61787
11277
68413
80658
75770
94788
39487
88881
40254
28619
17169
54777
78498
89948
19094
89553
77911
72055
75059
38826
2788
70112
99974
36992
87820
17321
46268
49808
63874
80470
9723
87675
29862
29128
90735
30904
16712
54809
51698
82587
11550
7253
33676
5102
58278
57629
18036
31026
41363
1515
43299
81606
52064
3859
28862
77029
78326
51663
67297
86141
3406
69049
57924
82840
87790
50078
59283
54263
66187
61336
40567
21266
21703
27993
62996
62814
16162
46797
24383
13756
70182
81033
87507
80937
33448
82254
68521
98211
11295
28945
92975
83446
79703
6757
4871
28451
79004
93553
59861
63058
97528
79443
43691
49759
41295
49613
96673
92619
41903
69141
38974
38164
71244
45032
79905
73928
15206
50582
21012
30692
77550
21592
87976
4423
56652
29408
95068
13676
84314
82311
65559
87975
94351
29206
6293
48206
52083
72256
71228
48491
76472
90100
59148
49989
15886
91408
276
71405
73408
88173
3162
80589
91754
5733
4870
9108
92434
58205
22277
45033
47916
70363
28600
12313
95164
12864
22147
44812
73790
43233
52367
8420
53111
66694
59443
81145
61185
95136
2002
26967
11550
33842
21513
15823
91169
50728
90300
47507
76084
44280
34997
79457
28408
6304
78004
64178
268
19698
69651
15810
70931
82272
32161
59020
20444
44363
12774
96415
68131
80835
22460
24
4504
74548
91714
15995
21672
24332
95590
38459
22184
65
13594
48927
91014
94915
33641
87094
93672
58210
91868
21869
75706
60055
94048
19485
42647
26101
48712
55202
81328
80185
61144
88859
87042
33986
74033
72118
78016
47319
38062
54924
23760
15238
77089
41299
10058
43490
85219
42981
8574
74407
27633
40316
28572
39223
63748
76843
50891
64314
35394
91078
84700
75804
88542
88808
92208
47675
31009
57624
33350
84841
35991
16320
64120
8887
47006
78323
8356
58389
1478
30631
13864
60762
18827
50086
95210
36420
83215
33862
79554
10831
83412
84113
71020
2789
69770
41121
87717
26055
47661
94680
25039
33155
25688
81135
68077
64896
98506
72635
43911
16381
64628
87799
2993
89181
15183
73434
15075
44047
68210
67398
92743
36226
80007
62533
58277
71435
20044
76505
48546
45556
76395
45472
11990
49565
99134
4630
72618
45589
47171
43885
87467
93327
89545
75449
74566
40604
49571
49210
96402
26267
7024
27034
78124
62989
25913
73295
58329
89419
76451
11683
74673
65589
71928
75560
79108
73387
6422
67902
33360
51204
74219
80859
40996
87984
79155
18515
27348
17129
42498
70845
69349
5599
50121
12296
32640
32821
91099
9565
41383
39763
33472
18461
53666
7849
14911
83264
39084
92463
25207
13906
27113
26607
43023
1262
11324
43956
45248
93495
41519
52492
94317
21613
22401
58070
42680
70134
39105
23711
79703
48192
94004
97660
97774
543
3883
11228
13385
13427
18614
99428
13672
9415
30753
15558
69917
89686
94872
68697
6836
9426
95441
18190
27986
38822
53336
71793
75316
47627
17823
46033
56172
41438
90711
46054
8607
30075
37462
13368
6047
58569
87282
85041
25613
46552
22756
44005
88867
63620
97860
67655
25934
17344
20604
42807
85333
23070
43091
18967
21209
90659
67445
75422
27221
29532
38110
7228
5379
65777
56458
65157
98525
27390
4072
89417
66380
17944
54023
50636
56259
18440
62849
13983
7260
60206
82967
81310
13227
31611
48083
22242
4170
69708
4149
16706
47315
45565
57428
19676
53789
31061
3492
30793
52149
28146
34836
14103
84908
17660
37787
74292
19322
82578
76569
67558
2022
11510
75224
51052
47363
69246
83551
50713
26599
22348
31872
64861
74208
81063
20084
72582
20027
63451
3217
1500
19105
68172
55997
54906
64890
39257
35552
6472
57679
7783
52813
8430
13253
40369
60574
86332
52587
846
23545
36877
18551
88516
78649
79025
84557
32555
7551
32364
19825
77918
26380
39464
99657
52900
50091
52497
71228
33348
62394
45427
73676
81849
94416
33646
84586
360
20675
37401
62217
65993
24813
56175
48379
52801
37463
13654
36117
72594
97149
42397
7738
49199
25565
82450
78723
21253
10863
59861
37876
63688
76633
6695
11141
4230
17712
187
50163
31917
35486
1525
42202
89980
79313
20929
1777
70761
54933
69672
22170
80004
98184
22465
75501
51754
4235
78834
89992
99497
4671
48657
1432
11017
68395
85903
60499
66154
72558
11266
51793
36543
40160
57710
88375
27842
67943
50580
54500
44515
47581
95699
62801
82832
96995
27229
92454
35228
94403
49902
21177
98679
25141
632
95273
60018
74721
70119
45836
73444
42234
92138
82197
82971
40835
53130
75901
50495
71873
3927
47755
41100
44039
22285
16317
76473
75461
71292
59063
13217
6268
70158
99876
55221
47191
26737
25856
37644
38038
29915
56010
79262
35149
72850
51604
35506
16382
14281
86609
57970
12107
87989
96014
20239
89561
41872
69599
95166
26766
22011
92881
94059
85877
6014
79688
52581
35275
12036
71707
98586
260
72202
82283
32924
12570
90980
18068
79886
80404
19048
55182
58318
64637
63390
58114
64942
35742
51775
26614
21295
39896
44554
88187
94497
39066
6253
62997
1049
76021
1201
51723
76073
14984
357
34196
16581
24421
22853
87903
13627
18736
98527
86099
66988
68157
74735
58494
42552
13991
8996
95175
61811
26905
26185
83983
51999
7662
80189
16717
59435
1938
90778
69466
56312
71272
4874
32535
76317
3440
53608
49606
13518
86870
28858
69208
55440
19895
78697
98576
90922
64597
9011
58282
81562
56182
6473
73352
52209
44869
43989
6981
12503
56753
66535
53336
4515
19069
75914
3381
88759
93197
97021
6554
30096
69844
6746
53609
63158
64326
64250
58881
86409
27316
13618
55804
99742
61096
32569
78524
4523
36536
18624
85200
37214
17874
82021
71430
34314
31949
93876
42957
30337
93529
45691
21499
66063
43087
4323
3351
49962
28519
22692
39032
53587
53389
75568
25247
14159
36788
74000
62259
3938
44687
37290
81857
48583
97145
30398
56991
86604
55964
21162
89124
26257
95989
31000
37250
10308
49829
18973
73392
13861
54626
78419
34807
1268
10305
16570
76213
46345
15005
46117
64676
41970
55168
6101
9045
95668
43779
63694
93368
7107
8122
24834
43831
32234
51337
80278
21251
5566
96430
15148
13228
98773
77165
1590
51640
76200
58015
45986
68943
46691
58915
75588
92279
40097
30574
16288
46960
91194
34696
38285
78769
48359
17284
3045
74661
88305
14525
24469
65545
83100
27714
60980
13613
81966
66079
59083
66673
32899
17566
39663
73397
28084
2050
90926
17425
32190
60523
14516
91446
11129
12190
32455
63038
31583
77516
41247
69239
2612
37118
55875
60717
81916
56397
29664
84199
14343
80540
82377
36420
39078
55995
50045
76594
26261
78971
9329
7766
60246
75277
23112
33128
17615
64368
28136
1341
14550
79239
83096
50949
7783
97058
495
12149
47976
95839
62306
73304
47075
97754
60992
58381
23484
1665
72846
75481
70858
92031
41713
75158
53986
57211
27642
23835
34626
99887
85808
73207
43255
72572
43547
63667
40752
18506
61003
33564
11572
19939
38099
38469
89088
12515
31383
53093
29926
24570
82747
66584
80168
70541
37096
9717
82673
65370
37935
63284
74822
55998
52358
80073
54861
97891
18457
3964
35521
99825
99651
96607
81292
82452
63671
84671
90145
2
8478
20865
8024
29568
48705
71332
73669
92458
84557
36450
50962
47743
80107
32914
96611
21388
23599
20086
11009
24512
31418
82840
91304
67832
67839
21067
25420
66372
9582
86469
58447
20988
46062
9477
57064
54589
24559
9329
79706
4802
59804
23697
68369
31649
76206
53252
62363
4909
62027
76376
383
80441
70773
80100
92098
33951
29001
37480
93409
24355
49649
18430
92931
2594
41662
52718
84738
59221
47868
6124
62255
31698
24910
33169
21411
29408
15339
29665
42681
11796
29378
56536
13719
97656
8911
29808
93423
29920
36389
77894
75363
27342
80476
27359
32164
48951
37827
84228
74994
65405
58153
39917
85926
20916
94609
29458
67561
85378
47540
34084
14090
2542
44081
62365
2733
90449
62675
20627
52158
2929
9707
91761
60407
40257
87610
51040
64339
9953
50294
76351
46572
24573
5298
62650
74406
17311
79547
35192
88752
11015
92309
37049
99975
34307
26681
75892
80286
109
31312
55701
46754
10587
52050
50190
22404
21673
59525
35692
27860
39925
25710
66225
99069
5072
4388
68961
53123
54172
5012
51808
13528
53624
67621
62489
61156
21998
88882
16422
60498
52101
34993
38529
15488
12332
19465
86295
90709
8997
27037
87564
69145
47711
73157
91927
97975
68962
45978
6050
49727
25480
40136
85158
73648
3294
11123
25565
19558
39280
59800
49454
24052
62656
71612
57651
84781
29805
89660
8013
64151
61907
55856
1484
70860
75984
86575
22766
42723
25521
43674
12016
70064
24703
84987
62941
7500
98391
23111
72967
54764
56041
13818
33877
70562
91372
38478
23891
78022
86114
45925
50041
17797
25546
69237
83563
80240
78863
78008
23092
68085
98926
70588
95969
75468
2416
550
71955
60469
9319
60827
59747
92594
93795
98843
21369
75394
37841
89773
42224
65089
68258
76882
12056
9028
597
87688
98801
600
42861
98890
99164
59037
68939
36096
41860
45834
84622
30648
4079
27048
20895
77259
49642
95264
42917
13374
71400
52769
93828
76350
18492
23547
45020
65048
55917
84849
16170
82800
9680
96388
34048
86213
2014
15996
85362
2181
50954
66757
90418
66813
958
17893
57309
41408
67986
67249
38253
75254
51498
56463
1640
59576
70705
44225
65763
53732
57598
61496
21165
78717
41415
547
5843
82326
13210
67072
57167
18702
50145
37998
57046
6858
2304
3246
63592
96673
93144
31539
81835
5665
34402
42924
58800
60474
48816
43820
38750
76865
75936
67253
50487
73479
81671
12431
91165
3201
85189
76778
21150
56387
96297
15778
93058
1974
3842
98279
35321
34231
55035
36222
7900
41163
15870
34694
75106
47769
5119
18693
37685
61143
22889
59101
60863
2597
58784
77887
25448
16130
52575
5765
27326
78518
62088
5476
93996
66926
51428
11636
55579
68166
34352
14795
16946
9268
95469
582
54111
74252
21804
61437
95576
4008
4080
31510
75489
71423
87324
89258
6140
28282
55199
10401
40030
60947
90286
70406
67461
54428
66304
63464
32213
40100
54384
68309
76756
71506
46736
95877
1113
28389
73092
35615
26613
97499
21449
95834
89833
95788
88648
52126
38911
97851
75158
53083
7734
14100
75972
15923
93123
27684
80538
87516
10540
79572
95662
74832
2182
67810
93405
62406
32872
71842
25468
84297
5258
12113
64283
96873
2703
38516
96210
39631
14851
59221
45009
25541
57928
41552
14206
4897
1522
86306
27329
71617
76566
92861
91337
35320
35478
73445
49408
84541
68477
45077
17653
54720
13390
94432
29062
36702
73408
67953
24639
88601
83948
27498
80725
47377
16428
6872
35222
55346
63218
98838
50081
30867
13316
77908
10642
70446
97719
92
10833
32781
21583
69228
41145
71759
62815
93734
68527
50311
15922
74089
88758
92161
75673
69803
42794
5672
58375
40568
98773
13498
48555
7282
61995
23854
31688
8053
4417
21337
23292
3735
67921
21551
5465
62575
18818
40134
98906
76843
89947
34588
9195
69435
47493
79567
54023
49222
28382
17980
50483
74834
41915
74016
97335
60874
32918
43177
499
34650
44437
61674
4687
90412
43140
64594
26484
9839
20083
57157
18538
67495
18068
9269
54760
2514
18045
41616
48656
2142
92770
54040
18187
58597
47378
30072
61011
52170
10976
39958
31738
8497
73322
32413
33780
55302
77711
69156
83381
16118
86310
52829
54548
328
89986
79790
85855
76718
50302
34047
42252
23312
12177
22689
38740
6399
34834
20451
17145
8620
55666
55049
51678
22766
24034
99880
21709
9865
11005
56994
73370
37998
83470
1704
69055
17101
14241
36976
70964
89493
87466
1478
98073
10591
89758
97335
60554
78051
93967
82057
94323
72132
38668
37682
46081
19735
24479
12617
58332
89014
98630
55860
16424
54301
12920
32459
13885
70955
22422
21853
32024
14273
73150
26695
41663
6084
40450
35268
76159
79845
54079
75558
55150
68860
6746
91303
78405
89665
14891
10472
39725
80274
81423
63382
47107
27059
27361
69723
96413
23807
50318
62859
67999
6971
1115
9851
16144
8233
94625
13928
87313
34038
52521
86539
64254
94947
3694
64071
91398
73095
55188
57694
33338
37140
25185
68139
41464
37768
42930
24439
14913
97334
98364
45551
47226
31799
17488
59141
70348
76351
69483
93108
88023
64350
12327
59152
67841
89999
67859
34710
11920
1699
35966
64666
95506
25463
92499
94445
47071
4165
75471
31092
15834
2558
47240
36620
8908
5411
72596
22486
81562
54745
48918
66037
39676
50863
84764
33885
84527
43454
80967
19009
86216
97648
8424
46404
16384
7306
54722
3277
70608
95799
59792
65698
26201
58529
38329
36786
91905
66297
77829
9018
46923
71520
99263
92034
1708
46784
94991
58143
62458
10257
17453
48122
3065
11986
15035
9166
41792
60550
50559
12589
70420
81522
68540
47912
55513
17611
59643
47140
41350
6450
19496
10870
28120
87697
2565
87226
47551
98828
44970
68922
57858
30426
88674
34477
46500
31190
78413
21123
79860
38830
548
14946
10449
94684
88172
34930
47050
90345
51345
746
25442
33867
27005
91008
55988
70834
87718
57861
67899
82825
47147
24295
70977
7772
67743
35110
53129
1023
5031
97043
85360
34761
44852
13082
72813
34991
50755
83730
23940
26959
99920
84948
50013
61158
87712
5227
53629
16756
25970
95863
23929
88061
76480
66269
15822
14869
39622
42241
77614
96096
61505
61804
61431
88607
99459
35857
94322
66356
45346
3992
23694
87634
21209
67423
65000
96630
38589
66961
30304
43275
69859
72827
93916
93958
64282
4770
1845
48629
15421
53678
52537
75853
54741
70795
56730
73132
9178
26868
64815
12342
70669
5889
88472
336
2516
80296
39225
6189
42037
74092
39371
89694
40005
16392
38973
73876
24111
10720
65829
45264
40615
62768
59746
82277
93546
22160
2007
95100
35970
1196
93794
63726
51091
1343
17678
23692
67244
77070
29352
62148
36578
7214
81436
22640
59145
93562
45371
32415
77763
65373
36693
19605
13210
4739
64622
24834
25339
2379
55071
57972
36305
3000
87600
3848
97916
36145
3004
16233
56500
21091
12169
76549
81129
13124
42863
18587
5700
77164
35805
88714
59487
34741
36437
57743
14554
46173
67481
72244
69931
56691
43436
32398
20754
88019
60671
2308
42420
14137
47080
75057
27578
31076
77931
70004
38226
5951
10554
73520
70624
51562
88925
81311
70406
74420
68590
88161
22070
77361
82258
32368
38675
40640
17924
9366
28186
40715
27899
49609
13055
25687
9054
83006
70582
93466
91937
48124
95402
27101
45662
55895
32971
86113
62688
55614
40930
8006
78312
54163
40705
99477
23493
71116
26335
72621
64693
32964
72977
48911
98691
41798
73994
23323
9009
37799
35898
24979
89571
71359
20452
31805
81715
93033
25771
68765
43362
13642
11740
14287
29139
35179
89009
32188
5435
59378
76465
53639
93426
61018
9959
8239
88669
29657
28349
97530
83882
32394
24812
63729
92793
31154
68169
403
46347
42870
64795
1128
28103
12502
90337
82192
18027
56181
33298
83395
11082
79222
48080
94923
55998
46362
74923
69610
45441
72955
90713
63188
63300
73916
15114
55648
44461
94135
20749
16419
13020
97731
26889
13465
25749
34240
43256
2730
54352
10491
5549
93758
60117
93853
24122
8338
29428
12952
10753
862
43940
65886
36340
32297
23475
63072
72625
82258
51603
16410
21961
93280
81900
86742
17203
2629
34164
33600
30429
4989
57550
62370
13955
48333
88776
28881
31201
17520
35735
42353
58462
62431
41812
75710
58872
23
2949
12089
71354
69376
34401
86867
84769
60742
44167
69127
18271
60240
59771
30976
52832
31246
42248
94708
70416
65018
56858
15109
19079
76270
7044
7676
2950
74661
65917
51612
38469
54846
53835
28139
40988
87191
65988
55979
8380
7754
25490
98162
74358
78412
80418
59654
62061
61122
47082
2555
52601
27289
98383
97845
32302
80307
69899
13837
50967
6872
82182
7759
19993
47616
41179
70096
7984
73025
3237
21527
5785
17742
66938
54748
76386
18701
78361
21627
67622
40736
68672
83004
18037
68805
37935
63958
80452
48954
61333
29679
8662
98768
53961
58561
51600
81811
28370
17130
50427
5320
32537
47288
32834
67101
84106
6116
54313
21172
31325
95081
49889
58407
28786
10877
33008
7038
23164
66272
79685
199
23608
98365
7464
48407
94970
25247
29425
52945
56168
58526
20668
20381
764
66087
20968
41854
6744
52585
22415
99410
38798
68249
4848
6197
88405
3904
23364
40797
79921
76996
67758
19272
12298
9738
6651
35364
50465
59377
94301
57800
91991
82249
48019
58118
56618
47005
62491
94077
71839
99635
42419
75974
54309
88257
56017
304
45885
11204
91130
69633
98663
74422
42656
61979
42046
50467
88134
132
97589
55546
94355
70861
52747
45468
31535
68547
63475
77257
50782
90593
73621
18965
86254
57295
6311
18798
66720
66383
48892
49153
92853
97618
4904
53733
6291
71671
73843
20482
85673
38900
91713
47819
90839
25030
49804
13060
60040
46993
1658
80821
47316
37937
29212
76
94062
70241
14731
27460
76975
26861
46699
11787
68052
39857
85557
20613
16002
58381
37662
45068
51203
36655
11398
49339
85453
58444
91620
96447
98336
4580
4963
54124
75259
17804
40116
13248
75798
23993
848
88385
59827
41035
99826
46413
63026
79770
66877
59215
60530
23816
45101
97443
86241
55256
69896
41776
76990
52557
75516
88915
47634
86317
35871
469
22433
4785
84985
86292
55496
81350
5682
6387
81521
76792
40648
47460
85317
45414
43452
47017
9574
12448
20268
46322
23783
4600
25079
29001
91134
65605
36527
89663
80916
27856
39580
2824
63811
70749
44
53374
47016
41764
63601
68203
90164
12626
25140
69088
34593
43733
56764
35837
79578
54123
98752
76379
65389
79835
58177
72619
65604
50678
49924
27698
66034
24426
21461
73928
80002
49244
51634
33642
99884
34381
1722
97456
94645
81152
10874
72707
93518
39150
72160
5468
96996
20370
18086
68655
81835
23713
71196
83628
27206
42238
18195
78551
85864
57060
24978
60481
26969
89156
35458
65361
5773
69511
73131
1649
88308
19527
16122
80991
6535
82734
95063
96356
94522
17187
15421
66377
42877
5967
61557
1324
95945
85029
42242
45392
24900
5523
71639
64357
60416
88382
64749
64715
35084
82300
1370
80925
7051
89154
35999
39140
67316
16189
99426
54420
42559
51462
68343
20674
24567
99835
1220
10392
91251
64611
13206
84731
8921
16097
5889
90527
12683
96315
79793
90691
25739
9746
47893
55926
85640
81590
81124
45719
55138
97034
39177
12705
52656
45409
77052
21548
89746
7975
80437
37031
22364
88868
56714
30024
3752
11274
41454
68782
74175
6150
62403
85231
83384
51767
2626
90375
99231
9997
5867
64174
10037
28930
70346
14949
71864
3902
52247
94009
63322
26772
39461
19637
62149
26244
62428
74938
93661
31716
31809
14569
53709
34740
1098
26954
55805
36047
28155
86475
22895
82526
4671
59760
26801
95217
6605
66346
62131
36539
91316
40529
99157
21662
75083
52415
1879
3757
66374
71853
39000
89903
28080
25645
37163
97967
29594
63182
92258
55561
50488
78796
42948
35150
41660
16650
89870
93149
58321
33310
74408
24547
5194
21069
89707
89645
73437
18214
72225
57477
93315
92983
92091
69341
56535
95933
72351
5838
81931
18243
39987
92519
27236
1935
16761
36495
538
46157
36572
24550
94616
54859
44880
47761
79034
16298
18289
45507
25365
18749
44275
94845
47867
18038
81107
73827
46739
66994
5968
69712
97923
89883
2576
80639
20885
97483
52442
78025
74810
45158
85611
64165
18511
29346
45106
73688
57379
17257
78611
77715
53981
55412
35825
20545
9107
53302
58519
76602
88172
22438
83958
13894
90072
76910
20919
96614
24201
44779
74192
66578
72348
44052
51661
70182
23006
29801
65978
50594
3403
37607
74342
17735
70076
93008
14641
45987
25206
47757
50374
14808
96672
67635
48551
30308
79527
14198
40758
98848
14913
67062
28442
67481
58068
35652
52697
9535
89865
59391
60089
35769
24802
12452
75388
28198
20272
53552
29782
97918
98450
95613
77983
36370
41140
82683
48024
94505
66482
23320
91309
11648
33822
26025
16236
5882
30342
74037
62412
83036
8387
37759
62132
66599
12270
82697
82443
4604
55513
38117
85113
89098
41011
49086
38306
49387
75321
55849
18099
45997
42529
5565
89652
33630
3557
76624
25132
71433
77796
59791
5869
69282
3363
96398
85792
45730
35247
57632
94916
32633
13752
57085
29668
87928
9959
23164
2637
94068
71932
99396
51533
36262
6135
77838
69512
82920
76147
79519
97328
90386
9488
74138
32975
88689
53462
21096
23083
25314
10874
83003
6932
2394
26337
91799
87727
46937
72614
57815
26995
50950
9765
36590
81142
12593
83126
11736
13686
23610
40469
91604
63245
26773
92228
60262
99744
3108
17396
46727
10749
92841
21092
95611
64117
33385
23887
36843
73634
51655
26482
42728
34892
33280
50848
10615
11781
79758
7892
28719
38591
19648
11978
72553
65660
163
15080
34184
6331
38093
6244
14354
51063
43971
68349
48317
50919
49839
19005
50947
11616
26976
55738
36532
63272
47980
55029
32755
28705
69315
88385
11762
3684
78145
37620
19649
16285
79222
79126
68111
89691
27166
93991
98096
9275
78406
1455
84016
25427
85548
70450
18194
23579
48701
28974
3014
16315
7174
48690
56823
91246
3827
77119
93477
23
89224
74509
25097
28748
97593
83861
86774
67496
29241
93407
38442
65303
83440
80219
80310
9516
9329
64078
83023
56911
28692
361
43929
62700
50149
4742
22650
66471
47145
82353
87419
67741
56845
96444
63300
83679
36015
50441
94021
71089
68190
29715
53130
41799
51931
30419
9613
66840
27037
81768
64871
12835
10414
85196
72429
31069
43417
87408
65009
82521
90184
82039
16943
95841
10523
95289
49528
63693
89142
92701
3584
33205
60614
83258
43527
48596
70584
91335
29557
21471
34510
99610
46707
50573
21773
68870
25066
47650
4718
3306
24764
94809
6468
20800
83742
79661
38870
66326
683
38873
51902
85858
95313
41532
9390
45435
6446
42320
5347
33569
76905
65081
80213
32612
66216
3980
19465
66575
85905
27078
92618
90342
33661
45380
33053
32693
9340
19286
41965
18097
19039
99168
20034
99812
1184
18362
74747
6380
23158
24196
32688
85232
22176
79821
69189
86867
75825
78910
61836
16152
91778
51479
74721
31962
40866
70649
2307
50823
19700
25035
18092
9322
46607
36553
45778
4783
2028
59740
23114
2700
62678
69689
16832
78856
31448
41535
535
47458
61541
28276
60408
17099
99851
89592
76026
48304
44598
62936
36037
26609
17446
74171
89808
60370
93397
10980
27322
4820
29593
62264
18123
62324
67140
18478
93359
60652
13890
62877
20900
399
13618
9032
88596
5915
21519
7418
45488
87673
34567
7412
44291
33848
61368
64692
8668
29488
29051
50839
63824
144
13295
82073
98299
55089
56800
13576
80543
74459
57591
48718
88159
77933
26797
64651
46263
7077
18819
74991
50896
49764
77924
32632
54240
46514
14038
23634
68328
20149
62978
54356
90232
91062
33459
20575
90730
53020
89849
74592
44830
9575
25720
34500
48566
63130
71840
85935
58574
63341
42267
35746
67272
97890
19059
18035
51072
67217
56141
98776
11443
14067
53542
20840
9602
5335
19013
54343
92486
11089
71659
39099
7333
33032
37196
23227
75839
23565
42134
79558
12591
70405
44212
78339
56414
71884
97427
36640
81209
24764
57068
98831
65163
46236
31524
92495
23736
65699
43322
21870
27452
74827
13969
4610
69166
87078
7917
86842
50440
73055
63875
71024
9604
85411
52782
20534
55383
43215
48757
8361
23678
37812
13354
55644
13861
53458
90098
40427
45747
86400
42085
10928
99036
13492
99878
92867
35646
24481
51583
62886
93290
60802
52134
95082
56528
24583
25771
12605
69640
37152
67712
53932
2783
50146
3971
91191
69758
150
77012
55025
6337
78775
69047
84491
25084
96862
66784
57627
4994
90473
11494
3786
9752
59692
82242
87272
64859
38805
94850
22633
27687
39964
54265
62781
5113
25426
18487
87811
60953
76721
61038
85788
42906
73310
53449
70674
77737
65080
46133
55749
15375
32391
63247
43943
27358
14546
90374
36053
39993
24437
27779
74110
55680
57234
25478
2314
13658
23953
61279
27102
76596
41382
45972
86941
79484
76365
13217
42561
24143
66473
73888
20122
64431
36377
44829
26953
93197
86102
78971
97895
41657
8998
33696
28175
2551
83972
82453
72162
12613
46534
30499
99850
3965
46921
36319
39083
19665
53744
57582
49206
54482
57014
89757
5782
7911
83181
88837
73989
37963
65919
29416
47103
28171
73422
83559
48721
99699
53430
1491
65624
99259
9723
48289
83826
17470
71516
98174
23201
73125
6890
62713
15430
43388
52769
10755
71928
7012
82728
38010
15299
21094
63323
73256
37250
69602
95125
7866
85266
52082
41585
88182
17376
1879
70446
63369
37956
6783
24201
54816
71858
54051
77030
92598
38415
64875
74739
31062
76808
82916
19644
29313
86250
39730
99286
72241
67831
24859
53401
71308
27081
72209
81987
70935
35167
19713
41602
78570
51373
76001
18810
30035
59707
2429
58086
34905
93591
88797
15987
66285
32167
81565
46457
5308
61839
68176
82757
69680
48425
47770
74272
98546
76154
54345
55521
1696
70068
41639
87036
54562
33281
37373
85284
61806
67786
77453
38
80828
63045
12060
67429
72811
61432
13760
38095
8205
4434
78353
46442
54022
90081
63150
61120
59384
83989
75494
21359
9976
40643
77469
62566
64160
56981
42769
22104
41357
62785
92297
75901
90808
36253
6889
43729
38054
55870
8160
29401
3745
98281
40895
71653
88675
11248
68684
17171
98887
44756
39333
67660
1378
12198
12075
7989
49038
32712
63557
54009
74183
88388
78607
58379
67193
16484
5941
32133
9033
77587
64854
27139
56484
75749
83071
57710
81832
9429
93497
61052
1990
88114
23227
76536
63796
2144
53300
63889
14120
16137
67410
6686
26414
7604
63216
13836
68457
60544
15123
18402
2996
97934
71949
29312
4116
89340
8344
87439
97995
15247
54410
94161
62407
41773
26729
55302
71623
51999
21328
82473
33019
63524
65209
37598
55697
19704
84654
34666
14328
56898
72936
31462
77795
1434
13863
98534
38180
25024
3665
95302
30119
31431
15777
99015
19139
10814
69328
88927
11509
76459
78249
92978
4512
84723
96842
54582
68865
20850
86554
55301
92812
50830
82811
75836
24238
17807
11467
81816
42211
20738
37206
41025
98024
44663
3814
98109
12989
32038
48561
57152
38589
60238
73031
53288
82911
12572
47110
33941
96101
94772
64812
84785
14272
29701
27499
49731
45609
37738
17109
10433
3138
27360
42571
41783
74370
21194
88713
38106
84939
96373
2753
93486
59835
86021
58748
8218
86847
72255
14912
12367
55127
93411
48433
79286
89443
34381
46670
73838
98517
40782
70023
10122
35596
99673
55580
97082
57492
59185
12175
39053
87309
95081
28545
44299
41277
47850
97119
31335
83390
36487
80527
44430
19828
74333
21945
81791
99406
62606
7536
87917
20995
99094
98242
9826
26455
96922
40648
34235
34591
50659
84768
74850
14272
43634
47798
14403
18815
28358
38776
20978
14974
46577
64734
70340
44010
5570
80131
60562
40224
47902
30400
10953
83524
93155
97535
61247
94229
34826
27480
80453
14872
92490
31469
41269
11165
12026
34687
74408
85477
53795
28007
43475
93467
70697
80246
3641
66693
13720
34615
90438
44485
82586
57589
39365
38492
97797
45357
98947
84553
67926
25868
64276
79936
29454
81983
95091
43524
4606
55959
87273
62989
991
66521
4088
15981
55922
30596
20540
26378
69351
1729
94266
30336
98306
89010
12819
22498
87563
4709
79749
77596
6700
68504
24500
79938
83642
6264
88863
78564
74852
98957
32334
31848
22344
26994
47821
90730
62929
46930
814
66174
68538
55265
12565
57762
65683
6891
92148
90217
77932
13946
56550
26785
21635
79144
65504
15749
72860
31282
59500
68094
53067
7097
9976
97836
86242
31046
59654
46679
31915
2722
77600
16974
83418
44918
75707
79852
36152
80184
1290
2618
65343
14218
59957
64806
59643
82224
9115
20883
18068
46873
16672
66783
17310
46575
927
81371
79229
35985
66563
15407
2364
20818
81928
37581
55703
43684
66712
14359
96773
79389
33140
85949
30022
25998
96985
51903
4917
29838
96590
80467
41421
24076
83346
50299
86797
2192
24604
46468
61132
65810
18298
98341
79682
69076
69656
48615
25565
51179
6838
88478
93214
70180
68011
87966
98138
48033
63073
60613
95375
88000
34713
47389
36107
88774
51443
92997
18991
71924
1193
42471
49795
2675
34397
66002
98172
4984
74492
66880
26934
46902
39662
55710
79261
16703
20060
78496
1610
43001
5579
30394
25678
58676
63553
81009
160
49465
52946
83281
3656
60880
17221
43432
68103
59386
67785
94035
9363
50199
47036
43003
94367
73418
22922
33303
42664
90821
20511
41268
41325
56793
98107
81030
72548
28538
10731
24
12512
42686
89346
35803
43115
91109
1443
58421
57717
2611
40982
83965
6474
36192
37757
2456
39930
74343
90016
30066
48573
63501
51443
22786
6289
64875
6209
90550
57554
24738
8897
47994
52331
2975
91352
60700
17795
78900
77162
73191
33453
89462
82675
54148
41784
71897
15952
35289
66417
48602
86391
66005
10962
75674
89612
42889
32585
62975
61507
4097
77128
19603
93631
36667
10004
18159
60309
7066
13799
69239
33783
2188
81394
38429
69036
20087
27982
17601
42153
63813
53489
22045
72637
95797
11819
52234
64027
29769
85935
28922
33441
36814
49150
65557
74326
93161
47691
15899
16664
61596
68107
14275
36289
74822
46129
60082
22721
17194
40761
56715
53754
84553
2140
75043
39660
51525
53874
4512
65705
30169
25744
23870
7256
85341
19890
85217
58319
32753
61881
78291
56585
48500
62624
7451
10251
82480
49965
30498
53717
78691
14758
24466
76523
44831
41939
67061
41561
96704
29543
94837
55119
40433
23842
62419
505
40316
80875
93950
5893
51986
98336
60258
72486
33709
69367
38033
85312
33165
58799
4762
92804
42535
36554
97566
53356
30028
18498
66171
97412
5214
82178
28040
19631
14157
35916
899
79950
10178
17367
22624
7092
98193
22716
93448
28299
30165
78999
66726
57786
88016
78585
27041
39766
95369
89730
75796
6885
666
35989
26372
63546
39852
54931
53069
38643
63683
70964
79485
38656
39728
34004
65537
83703
1019
15317
38879
1063
71067
73860
46502
19359
55472
47929
58667
8666
32749
7671
97994
78445
71989
75675
61453
26711
41175
20279
97697
43466
47645
83486
22907
49444
78859
91360
21846
92648
87360
83969
49470
11851
66211
41869
16236
80790
13448
64908
39918
50046
9619
58423
35867
53873
73675
30914
4907
76138
3541
21526
31347
5855
11915
3943
55606
74069
7671
11437
22986
33657
14109
91480
41194
19513
98521
22192
96892
27742
97215
43124
20424
47091
95933
67648
46425
58769
44137
54536
82202
97158
31535
45908
69786
73212
51236
45552
4926
17553
68983
2528
24186
12016
79726
25650
85932
54346
28394
51982
48821
67225
44216
52816
61947
53280
81878
68542
44997
74239
11020
44266
2521
7727
99332
68971
23216
14867
57452
6882
37808
58873
7636
1628
81561
48508
5180
28572
36346
16969
23885
64354
69210
68970
91856
69173
3708
39041
42133
83607
48944
89287
70941
32248
44221
71058
90133
17821
85870
93134
38219
49267
1622
43512
40922
76888
84665
85566
6852
84396
6530
1974
74897
1478
56084
93111
39009
53582
95435
15285
63828
19302
32817
29310
32129
65559
37004
41540
62821
54771
17056
56861
35193
18556
976
86309
83880
86873
59531
95322
89625
40111
37049
78199
66791
93813
67711
53952
68424
16786
72583
38546
67282
69921
53213
25437
55088
56866
99441
19907
36546
25968
40263
44566
16748
49813
68176
52375
62218
32921
18982
28101
72817
27071
41702
31386
34560
10405
3720
15384
2605
20868
85254
39556
49356
15067
40583
37312
8850
36992
80210
21225
61459
55597
93263
45635
26210
72348
57988
59494
62180
80884
43478
4576
2565
64102
10035
35420
69937
53725
7710
8251
40356
10669
66872
7771
49087
12678
12030
55925
9824
7825
55404
26177
90670
35343
16073
58037
78705
34822
77318
67193
91193
52996
97421
89419
83669
63931
91375
70153
28972
8921
83234
11811
53766
593
57700
56166
3094
50354
29230
4320
42413
52425
25324
33841
75482
64088
195
255
55151
23777
91483
11498
85584
85014
44506
80286
82806
32318
88681
15877
67253
86792
11408
9109
27114
63613
91218
15459
90981
96497
86956
59300
59388
76163
67994
9648
28889
1492
41501
45662
81669
67700
7599
76522
31127
40488
77691
93927
55556
77381
75794
67979
85771
3210
92436
24484
29828
96695
90296
49764
64572
91952
73153
3433
3636
25055
93194
27327
40446
71697
36994
86093
28534
40056
7896
4651
54952
49357
42720
19355
56866
19101
96850
69233
18376
9741
97663
7961
70997
91477
20311
12617
86901
56862
1812
97494
4957
818
18198
44456
1163
19034
44091
85210
44492
72273
27501
18723
43384
14050
73145
3413
21697
82937
91609
97810
22460
70280
56580
80496
55890
74519
49178
38018
49763
48968
98731
14774
53518
81495
42110
371
63547
7846
21650
58175
58433
82051
81059
80904
86157
48967
78166
86575
37967
19544
68725
92392
7462
21937
52792
86494
76650
16371
94662
42793
9751
39454
13250
86321
49757
1765
16601
36969
80746
4618
51499
94072
1885
17816
18127
87953
24761
26757
67895
59193
90851
42402
88524
55290
99471
9278
25819
1399
13542
97834
39319
39747
11168
57739
56905
92454
88684
13456
87723
43245
35701
57423
14092
78546
8617
93018
2124
86435
25797
92482
35971
60089
55117
27138
53834
21846
24704
3249
52934
51610
16344
40713
65620
66534
22321
6549
21735
7035
23318
86919
44714
92132
90720
91051
30290
31696
94832
41088
67126
47111
96804
56675
91675
4109
35975
70909
53053
5120
3526
36002
51305
944
62587
50709
80911
43356
65070
88689
43782
12277
98895
26215
19873
36413
36303
20525
74359
25647
41898
35242
3767
10969
64187
73402
20522
32731
15472
97872
14979
42368
89521
28972
83721
1778
40636
73137
24285
5491
5357
71300
64638
4608
67200
56584
40456
36560
80094
37342
23416
66578
60639
78606
54095
8558
44600
36033
76081
86496
8312
34462
9963
73999
44166
50607
72942
61243
44659
95428
6965
13829
28650
84477
48004
23348
65748
53500
63055
22170
55628
32820
18892
44964
74465
84236
32115
59739
77876
19844
16635
20094
96749
9115
28980
75087
79358
23650
39648
62577
54545
5886
74494
6720
59928
16922
21561
24605
57065
2140
58601
50054
43269
90854
76719
508
44900
16692
61858
37774
17520
16968
31595
73026
63358
46148
55515
39489
3749
84538
18110
91126
39741
39589
17708
18389
42799
7121
81269
72590
97192
5444
26692
63744
7607
96512
48120
78732
90593
57959
50892
19453
17130
31426
29303
96848
94095
14001
13522
67272
72934
1434
21910
12859
7944
98917
2324
77790
98264
43465
24998
13741
73878
85176
82411
35576
88751
15934
28970
34068
76142
5170
92645
10049
38031
8202
59996
90050
10686
85310
80383
69157
12984
97488
92094
77046
61541
46187
47798
94857
59701
42562
52097
31938
87412
5185
17739
12871
22214
65664
70014
17711
5675
18498
8230
51582
18916
96396
73632
80250
41673
96499
86502
55999
1642
37132
39381
22551
96013
22171
66812
79751
8717
31960
12480
47157
36824
35702
28164
15399
84422
84175
85328
55664
7856
77306
56523
14611
52039
72813
53221
80784
56961
17283
73178
67610
47937
39742
47483
33667
96007
5092
47313
5090
90326
79553
74257
9047
70636
21933
92627
55546
37944
53769
58211
28890
49007
92460
49305
91388
55847
5304
36085
67549
5416
26503
64559
90218
67494
52519
84211
78627
28203
79336
83253
54890
21024
9670
48454
74800
25008
60949
13622
3587
14824
6184
6968
84009
80284
79478
88035
79463
30052
79690
39197
38465
73713
32699
95690
16410
54848
61577
13812
39008
84778
44313
18779
20280
36550
79075
34474
15024
35918
32485
22170
6310
70577
6110
85019
86454
27673
42195
84148
43597
18029
63659
89095
3887
40855
14149
90715
76456
90132
6825
98332
51261
68658
50488
88783
16414
15599
11018
23733
35255
56455
65280
75102
11132
47669
91863
94395
93866
46570
20142
67765
97168
81429
64492
36059
62542
18693
73073
42554
10679
93367
748
20515
63746
59624
73588
84024
1591
11459
69379
26389
38009
63543
76313
27383
67393
92823
32846
67701
26425
3891
63785
76996
36081
63427
21417
65922
94148
15725
69480
35043
1349
50611
66025
53781
35253
59358
85887
83462
93626
15335
2177
11191
59439
44442
48579
33977
51618
2534
40757
15397
40158
3498
93548
7268
22159
14397
43361
54748
54457
87010
83702
54582
74747
2040
43975
31464
27530
21546
91224
20264
41929
43233
11084
38574
87619
58255
29569
55914
91161
62
14456
26390
95362
3829
22490
12071
69473
59171
50803
36268
6977
90886
3711
66777
68873
62149
21471
45075
32817
71833
88499
41556
84819
86159
57350
84608
34331
98984
57930
66824
72834
9048
79775
64103
34561
87285
56746
54285
23717
84777
70631
68122
20913
17834
64766
52642
61712
45432
96221
71756
960
93414
9288
2635
95922
67080
23112
56172
93635
79794
8786
98377
37600
62458
34540
34754
20546
28005
80420
79521
72494
99194
63971
40557
10193
13618
29151
56522
67310
6012
62088
34113
97201
33808
34013
78447
95147
83210
38652
46290
47787
75012
9215
87238
97238
22139
24841
40218
99248
55062
74995
62748
43042
19540
86255
21660
99896
8451
35399
56031
1367
39677
72808
33944
93635
91172
20358
91963
63900
51137
40448
88802
23984
38329
61654
71527
14841
16737
84121
3600
41797
14053
54182
4536
36509
60335
73888
62279
22351
6315
50421
4297
91066
28560
91547
80827
6491
83779
13342
25614
66559
97428
78413
15289
88021
7122
54030
65515
83927
54090
14144
96911
78438
15400
11989
84409
87717
81857
62282
12240
51330
87280
94860
7607
85898
67204
58353
60686
67054
83778
3717
76390
52452
47180
85347
68097
55539
12545
42330
76422
91046
77406
92544
82945
83374
99399
28430
72573
26609
96225
46858
50705
19843
9625
61063
15633
48265
80773
5576
63017
62553
32426
57329
39174
47064
34375
48474
97627
81895
1396
64512
60589
27218
41122
27018
2441
20767
52566
18062
2128
96583
99442
13433
37252
26925
71841
46858
97166
4321
63025
30720
72377
96128
53198
65912
96003
40007
54133
52593
8941
32949
42437
85167
37482
38003
50703
71827
11750
3335
91185
49315
85535
97662
64354
93087
25379
20716
97726
38836
45846
93802
81271
55824
83655
87917
99783
2511
18005
97956
50713
51587
43048
3898
61609
43640
64871
56108
66240
45404
64770
39091
9345
72557
64246
26581
66882
91840
8456
75798
95234
50163
42325
33652
18376
64245
55692
3204
63687
87295
13220
90963
79280
77657
7175
24116
54461
8568
5816
10933
42951
91956
2571
90556
31212
5380
82104
91148
21703
13488
22934
39240
93966
9745
554
74591
51452
22428
65340
50751
21365
77615
90798
21680
91021
66254
50576
98086
62031
27574
81007
6594
71033
7920
55063
16416
12425
48282
64659
83685
60226
49201
6224
94693
62886
33273
37993
86284
56621
86514
6995
73846
23696
6426
87262
61171
20842
45445
30930
52462
17558
27626
1544
53034
36347
29596
7830
14780
57165
47741
1089
78907
26562
79660
5598
64589
51072
99648
2840
73770
59629
44777
55160
24726
95737
75122
21707
32956
94276
56182
35307
5387
34968
99933
83055
86136
80948
78412
81437
14125
84025
3595
8311
15215
8514
9268
84206
80526
42001
67006
58488
42994
33363
62201
73871
11495
33830
22493
71453
81741
89119
20320
5761
50597
68245
16149
51956
44049
27687
43134
86466
92383
462
70206
99091
54544
15822
33092
66206
84586
43641
2952
99201
89851
35906
57168
18016
83268
71645
45625
25351
6393
77888
75030
28196
63301
62443
64418
71223
58265
64738
20021
81176
55597
49541
41403
32697
45317
58672
62735
90159
68419
58722
78683
19308
57514
74439
26874
14071
84669
63611
99238
85304
33607
74265
85676
36992
92029
88633
97816
98014
6901
48418
21354
61022
99640
77487
27099
97772
54652
90115
86495
64894
24089
24084
25694
13102
99619
95472
23205
14527
33527
36697
20861
55185
24291
43508
71543
93732
49685
58154
39333
7231
63874
22461
49976
96786
69594
37419
64967
94328
30237
1572
1927
63249
34821
22418
66324
53354
10292
49860
70896
63251
75756
53466
70704
91619
69193
55119
3637
49710
20536
77099
12229
76932
67123
78781
28729
83729
72650
67500
22264
74843
95349
50546
41852
4914
93700
75763
44774
44045
26511
11914
55274
99093
1185
79691
43355
23839
45840
8032
17874
59077
4755
19630
78250
58802
90767
52112
15445
19966
29649
45747
11938
39240
90057
65394
28607
49179
15272
19371
52312
49619
2608
38563
54127
81703
78130
40553
64120
59724
19448
79694
73971
58888
59828
87544
47029
64941
94181
49159
37091
71313
33295
35011
40774
24309
72136
237
8767
55994
12686
53937
29232
92334
33240
94515
66107
2891
42337
28732
19516
77589
63096
38489
24708
433
45447
92532
61919
82644
36120
11628
91124
97777
68257
89874
53620
31082
70883
35345
52759
48143
43205
8050
6230
99926
60151
85663
49542
99480
67465
46133
70246
2926
24431
43700
13255
61079
51111
27187
3078
50377
34027
55647
75165
68901
84208
16942
66747
83648
48202
10295
56145
38555
20803
66560
43001
10329
46724
3917
96114
82467
93526
7838
81399
61872
12454
86460
88325
83295
57180
88684
30986
18540
41323
46946
42652
97894
44207
99315
32497
16593
26377
7587
4074
11144
80769
91899
98024
2502
75124
6784
66675
46377
88349
55224
53587
76679
90477
74540
83490
36571
56246
95229
61366
49986
66490
98136
71076
82809
57589
65832
54720
16891
58510
28915
24221
74545
18752
41992
78515
49942
37609
40254
48624
97159
82259
90939
50380
46538
78943
1930
70062
79043
70740
55677
93140
52586
21185
91657
69733
72425
46198
68019
61792
38301
57131
63984
56465
49879
53379
77645
3129
83341
1571
63170
51586
62535
36719
38499
15250
41305
95564
84794
58967
64573
74090
85922
82126
91158
31352
6435
79203
26218
52545
7876
26813
72268
2505
51062
37144
20766
96831
4788
6974
68634
12332
62034
72220
75543
47575
40983
4644
58619
828
52951
20775
77205
80790
27403
43047
62290
75289
56164
42593
69109
62285
16613
73609
17345
92379
89993
75335
99185
53758
87560
6842
10796
43719
20435
86730
66434
15617
40279
98276
27304
40636
48655
24030
7612
81504
58912
79742
92010
78147
5720
78296
11498
11100
38099
34548
36294
96039
67294
35465
93609
21256
6502
34369
40574
36531
83413
44561
45987
82744
14653
38335
12344
17928
35734
98892
5724
26681
26109
79625
26048
93994
6857
62547
75866
58357
24646
78693
99260
28282
55575
90038
44894
72463
42319
74391
19936
21506
1900
5118
29979
73904
2516
39408
5103
48409
84380
39555
54757
98598
30219
28332
3848
8207
64648
52927
88969
29516
47194
79626
25125
5174
64096
14592
67499
62429
60194
2566
92368
57804
85046
99424
9028
44419
79076
7421
26103
49565
91668
53745
65179
49965
51239
41482
60962
37325
77678
63639
78373
13269
19419
38989
93291
3917
94131
6758
64022
63496
62502
63305
74181
41786
81378
75796
81033
94022
90904
62191
47359
63214
9295
9276
22266
33186
25773
15471
92073
17525
89833
19435
78487
95113
41544
20861
16519
43522
94883
98658
67503
78823
49296
75367
8086
87940
11006
83586
82097
82990
57738
90712
38816
53714
24527
50547
89385
90393
63369
32977
88851
33174
46182
94159
61748
64228
19180
72547
34735
48460
8328
6825
76433
50780
18898
46526
20928
1907
52840
90741
45367
84467
54657
72133
16351
34016
58767
58261
63674
28396
3353
18735
23067
11798
9495
79118
94951
96365
80873
13182
80671
35646
71238
7321
73545
34159
96003
11598
880
86479
71387
85297
2511
59835
39688
29541
39948
58305
62754
23610
50645
14375
20934
22311
78374
30239
66196
95198
91623
62920
71089
97549
62677
22799
28658
57405
65432
12333
19816
82034
57864
43529
1192
11597
26898
65040
56590
98718
37626
27626
39665
22270
74771
88104
60168
47072
43164
8449
10167
59228
42016
93533
75576
26731
21760
56400
92841
69237
55712
35025
11236
53651
24548
27911
75114
722
80496
14743
67588
34507
31526
30595
82175
80738
94951
14242
466
38198
99487
64843
13709
23891
27085
89817
39125
47058
91843
53448
59703
95956
29116
18787
18255
75429
41826
98739
23988
96318
94185
919
12050
93947
78846
31055
61025
80245
90648
15397
92929
71793
21661
84284
29667
29829
32700
59469
2967
70494
55286
68199
67105
1629
96809
11851
85818
76318
39349
82178
74092
5174
21628
8537
89505
99646
8537
19584
81322
3203
91760
56554
97703
67527
83457
70411
54202
33651
37263
47256
80865
21213
79516
71451
32434
21573
19383
36580
46281
71577
26610
89318
93792
94456
41067
62932
73517
89137
31938
36185
60421
16093
47125
5475
11058
15410
73803
41069
82953
16282
54989
63486
38380
16367
89960
4301
82619
26431
81255
47252
33955
63955
12567
5531
56020
87750
49317
92845
44453
96529
20831
11661
11842
63260
32712
85519
64244
78491
158
26268
837
10125
16670
51812
77582
74796
45226
97239
51600
25394
93495
15050
9498
96650
37872
87122
53644
37720
17583
41717
74710
42889
16463
29842
63212
76130
82418
79703
93796
5424
29320
21940
7098
91613
29471
10807
23803
22406
2828
6348
37099
96984
87407
63703
74869
26253
19930
99971
15007
53265
14282
62158
13251
79619
98466
2886
91034
54729
1138
32103
61301
70578
32153
5422
21710
17290
36582
822
63762
39133
87456
36374
75376
5754
1479
79998
86320
6146
4003
72984
20237
16610
5638
98656
64971
1261
24601
99053
47105
11579
41468
13532
15893
28120
87317
70625
23258
98954
48719
43690
32442
54837
79671
5646
47149
35859
74307
62563
69889
2119
10618
95440
15027
35780
85922
97907
23620
70951
1933
42977
61940
71313
56245
78358
65792
57156
93536
37050
47161
94290
91472
5684
41869
3701
16975
11042
89398
58649
61690
94966
51228
59570
76852
79138
11672
27435
32756
44750
3974
96303
95920
49128
77685
35098
54719
7500
25895
80414
18022
65932
64014
17711
5224
39021
8069
75019
17747
80543
16465
5880
61030
23077
25569
95334
76333
8873
80470
72215
44296
27060
66682
89226
29923
42344
13556
40275
93175
20430
24927
3094
17770
32412
16285
36748
91168
52569
79442
49965
18414
96171
44534
70762
28535
47776
4915
83905
12067
84820
86420
84809
96460
98037
83097
37700
23127
36844
68985
50230
27261
10639
5776
29322
86612
44182
50282
69546
74375
81462
8785
54680
16189
74564
22566
33193
94766
6292
89706
37595
46893
98046
26722
86032
88480
97638
47516
98553
51816
10963
34029
80944
51604
24478
24387
97353
98927
5879
5948
97048
14747
42947
37327
95604
3860
58664
21932
71655
71139
85190
25546
33894
22439
52603
63735
39847
74359
37751
43230
7853
76149
58719
97151
18420
32867
88667
17078
77257
15379
73867
36962
14085
32860
22885
41425
50177
4130
15332
41157
5742
31803
51609
94481
11520
76808
39522
58039
85650
9571
34299
66144
98062
70977
29885
46861
39558
40584
63145
34863
40232
78473
80615
58353
43506
67702
96606
76548
12888
69568
4719
27343
19800
3341
13227
99808
90369
53567
8782
670
36789
74305
2443
94898
26262
63906
91969
35745
55311
26444
54244
44465
9111
35084
10395
81097
59760
65575
90299
52545
56564
91281
87840
45043
93855
16746
83633
89100
14399
74095
41884
74772
36677
28428
12068
41641
50469
50033
6285
41758
97691
19938
43066
36458
84426
35606
43640
25469
35223
51242
7861
43928
50599
91769
12950
89009
99719
23792
62984
88088
96965
24235
42284
91298
8224
44514
84063
94699
96802
55067
37618
81098
977
54595
94635
21395
72230
25988
54131
37948
7275
60188
89648
87990
3207
59318
93848
42938
66052
72839
57614
89839
99860
79781
34877
58596
2152
83659
64655
48088
38893
17125
72500
32730
63344
73032
56435
15811
31154
54258
48475
68144
42099
3126
22321
309
77062
41201
56317
36882
63056
61031
77601
22560
27963
10139
3066
59841
23779
19310
90486
83395
38720
24724
18124
55295
27212
9674
63315
66084
18761
82816
75827
1403
20695
66782
48941
9054
32895
69011
85291
49150
57714
57733
41253
49120
49669
39775
90042
63250
99767
53409
5033
69906
66130
10763
25373
52018
96251
66638
10596
63009
27273
78530
42535
38978
58446
54812
17
80603
34671
26280
71309
73253
81245
29216
17749
33939
16042
90694
95260
78745
8968
29411
65065
68997
46043
47193
58052
92278
11298
58170
77247
92999
64259
43330
50119
68916
34370
51735
58202
91712
34820
97843
3107
72927
77823
88441
86171
58799
67605
95189
47789
27486
34966
18846
53643
52485
45806
56275
92709
16108
85751
10219
5469
20012
21640
52253
25598
55731
96660
53500
28027
92369
18323
50077
38524
29654
78611
50842
33467
81171
75240
61296
90580
78188
75116
84365
89121
11889
84685
8120
97615
43997
49882
31245
36792
41045
38388
61587
71424
16092
46845
6352
26282
89820
47009
61909
33699
93259
15506
53526
19872
81844
13806
52368
88330
17684
76525
574
21239
79632
29217
70567
22113
43302
61470
97639
88804
17207
55322
36058
42444
66012
90525
28131
70916
25807
52913
13093
3603
27592
63252
45272
4234
44361
71786
74964
49727
64286
17873
2416
79398
42914
40701
76089
51503
98467
75373
89858
45626
48177
80833
91678
87290
94468
47949
23482
74422
50845
27507
36730
45080
10275
2735
73004
96569
85592
38584
14186
9341
26081
75703
55690
91015
14171
17302
39237
43001
81766
2433
71278
82335
84099
79707
80355
56390
75515
22015
21503
61356
13888
81921
98051
79861
90280
85709
24650
8364
23635
52309
82576
73943
16592
46572
59497
24350
11988
5580
65729
49848
9660
10142
92555
19858
515
91341
13157
72012
35623
75873
60534
76195
69984
64091
5237
92668
80682
89484
65466
48175
69284
56628
83002
61561
75646
46971
99247
5490
76012
84626
82317
43757
99745
36183
91962
59486
90407
56512
20606
35842
68575
49184
25029
22916
22872
81775
26445
48562
8499
46874
27948
3683
77015
36359
9831
90007
97298
19938
83035
63885
48352
38153
38359
37439
71
43121
85753
12392
26240
65845
27000
42102
81646
21908
75351
23093
1273
48200
42384
9217
1287
75585
56492
29102
35175
90080
12312
4219
23374
60469
9802
32528
62788
30717
1661
10846
45029
26277
34696
77363
95882
31306
14533
9278
50674
24246
16488
88428
94710
62344
91665
73220
69741
60542
72058
36245
58903
2136
16470
56105
19650
35235
21326
124
18911
97885
19416
73448
85168
36136
70935
2720
33937
66631
34876
67922
12898
64788
57
97657
37818
77419
17909
38605
97069
63624
17495
12955
21780
22234
90671
58787
20183
58248
48859
73114
87968
5306
17146
69965
93707
66187
14829
88646
44341
4223
29192
94545
90909
82320
17107
68757
65741
29508
54373
63172
17414
51079
40231
93830
6927
25377
18688
79655
47840
10514
9385
19033
10506
80686
3211
35360
3831
13780
23972
6257
71368
19540
37110
25120
62593
14732
38830
60578
83017
83891
38814
33673
59016
20718
34134
47665
27190
27065
94005
49619
36813
99470
58789
88370
83943
76694
72693
58301
64785
93660
85288
12487
10072
70883
29203
11112
68881
64053
67574
29459
62156
29220
97489
26837
48913
45315
59773
34148
35524
74468
2492
97641
94736
316
81114
94656
35130
14172
94938
92938
32061
58394
40235
85824
69127
52247
36357
70472
17600
77039
55317
34354
89380
31833
49448
88693
69872
25863
1709
39241
48688
94023
58093
86920
95064
80917
77413
80919
29148
63390
77444
10356
88036
56313
31998
94850
17756
43442
61335
3446
20938
86881
27181
72862
83634
80314
86067
65848
51858
48997
86934
87454
45331
9270
78276
12261
83037
34954
90462
2434
61635
17599
22026
12553
82187
90312
62727
85977
74285
83644
35904
85796
70581
64922
27126
66553
10151
92267
58681
87878
7265
91419
45518
74219
51769
25456
92410
35550
59053
36489
50725
55787
81019
97655
39026
60280
4593
8747
98290
29098
56674
84868
3065
77751
30046
61686
45815
67099
27007
34766
17815
15964
87812
86108
78898
64113
19156
21418
26360
77089
99748
43193
60186
32581
82225
42009
40776
52073
28507
77082
88979
64042
89044
80768
43271
97908
7392
96577
8684
6596
36978
40959
29378
67989
79
89432
32847
18348
43395
57632
54590
38453
43721
46908
89844
45002
69748
83388
66942
497
35461
65530
35066
9954
13050
83588
46948
9149
34139
70281
47409
68754
3312
13459
56226
13429
38280
38931
17347
8114
64483
98893
82947
65138
91394
18810
58066
98445
29026
53171
85405
3860
60679
65775
31718
31930
10123
55167
51785
86168
4185
75463
62295
16055
78021
70992
59949
2125
97117
72981
40532
53830
82606
95981
98256
40441
3376
33454
63923
51110
18313
17304
29000
56024
8264
90084
93338
175
10456
34067
3709
31871
35288
50597
80594
35833
26488
88797
65130
56678
17728
68581
63394
18853
65572
52861
12234
90580
4227
62345
58705
1980
84709
38808
3866
12827
63562
76075
7694
84954
18191
4534
99967
31856
43094
90270
17937
26812
15526
96468
2240
92583
21391
35438
80572
68988
17710
84979
16337
4466
41136
91656
43799
78259
67484
43191
98916
59880
45109
99059
89206
69296
97554
41408
27842
94221
34134
22007
70271
91094
19323
1762
97750
17503
81968
37457
68830
21595
80204
31134
23475
66134
99518
17765
7896
13431
70690
56544
26887
43748
73367
9204
93356
31517
51548
97316
62475
50880
13274
51491
69584
30359
82954
90209
36132
467
43289
9158
11983
61346
26984
99163
5662
13004
27671
90992
48656
37217
73291
69609
99306
3925
59028
18336
32757
34862
26674
46735
22620
2905
84276
5113
69577
61923
64206
79343
36054
77223
99902
18240
9630
94441
39535
38994
47177
6301
22056
93238
48777
57974
54891
56957
1302
21768
3657
18701
8168
92974
12086
83215
46468
60897
10264
78809
32095
54612
13533
76693
39231
22704
71988
84244
79841
6172
54182
94142
40946
82718
27363
44836
96187
26150
95776
76481
4149
21999
69989
50391
43867
1384
96036
32962
13143
18040
92474
91635
53657
58008
4839
60556
8503
89090
82223
15616
80881
73673
65783
18284
34608
3010
22428
36593
3308
14517
60659
5806
71949
29531
46123
38959
56248
10264
88836
90266
80288
48853
11465
76533
1213
2486
7444
10019
74957
85196
87027
65311
64470
56054
86542
36488
91563
77549
20158
44011
99659
79264
50332
37231
45322
42132
70661
41094
2256
15930
27645
21203
37504
81953
97059
54462
39871
61098
2626
11544
58369
9098
19438
99819
48655
71477
10594
94038
57989
65221
11073
47308
63626
37026
92830
54010
47793
77248
94737
68408
18227
90330
32451
44748
99967
44935
50305
26636
70946
68476
51896
98802
36446
26234
84872
89765
26785
71977
28909
48789
98886
1704
16669
55251
59128
78904
21923
63994
71739
30686
88571
2634
86107
25246
47136
38087
77861
65572
5004
30193
21655
1052
75294
13479
12945
53365
40700
99749
33996
58229
26965
9861
18823
76408
15624
74519
364
69851
89721
5791
91062
36420
8724
80173
90072
9409
63522
77812
32356
30953
21168
82582
73952
53940
99297
17283
70495
11967
73979
63011
64430
73440
37022
18994
10013
47093
68386
20627
54411
81340
22059
65329
59723
78940
94232
74750
22272
94838
74701
3529
95995
38794
14253
83235
69869
40790
87908
68228
60318
13231
69554
2263
43599
87801
15000
7534
32460
66165
35818
28787
4900
54983
80001
82461
37948
11818
26848
88262
77546
53144
47157
61355
89078
57979
45801
3626
64240
45021
8577
27325
34593
31670
52716
13742
69614
65021
93217
7163
13584
53845
99111
2484
74517
74011
68291
63222
78275
17785
926
98079
72661
47290
62474
81048
48745
92682
96720
7978
26225
16810
4709
44234
80551
22952
17642
48858
30012
68833
34020
11284
95863
904
10844
11430
14864
7636
22295
59803
79426
75583
90472
17718
12314
89614
26788
26973
23399
71523
50575
72525
99884
26581
48322
96681
91018
38058
57294
72333
42592
50678
62473
92815
11186
60159
32693
61432
46467
82005
59789
88070
8406
2659
15493
44344
50123
38709
49111
17203
97610
26069
71778
38845
29749
66061
5510
57148
22125
98476
839
14485
86425
26869
82717
64706
29134
90236
35868
17202
88716
6064
55295
5877
56769
85368
41077
56254
2368
80474
8302
91923
94258
97179
18515
30255
36052
61741
78526
87366
69024
65473
33119
51563
48026
32752
36592
12478
90207
92574
1333
30306
46199
27162
13610
82620
74925
82597
16891
20845
57360
4012
2665
11908
52821
3775
12757
20685
21418
62177
4289
67988
4379
41178
99370
88299
4981
11025
41164
76809
35641
20542
3350
85566
12553
59489
29215
47989
43893
69188
83482
28628
64799
92556
13381
9524
73495
59248
89562
43773
57908
75106
31299
50206
26903
77657
9696
40745
38865
55285
1380
39462
33436
48201
30111
76992
68458
29532
71717
56969
86233
19121
79785
95811
40563
7516
31668
75845
8489
24566
54034
42143
30009
14978
37750
32269
19265
55676
40866
78890
27481
27856
37592
73662
92155
46098
4453
11018
28246
75155
84385
86537
56594
73493
30650
22820
2759
70745
68557
68837
86236
33350
66599
72679
23083
98930
48460
3757
53302
36865
14502
9973
20749
14945
5415
13256
39693
58520
30367
3815
32309
44223
50334
75824
29446
6571
17118
26258
95945
53294
95033
97534
56659
7616
12383
69569
98048
85879
70906
398
36393
95171
23844
8788
13099
20637
44844
57584
93599
57603
92195
71575
53543
71857
87624
96771
14570
91632
2897
32339
98121
98011
14428
98813
10875
10424
48903
82119
84495
13752
9051
58994
66268
76185
35298
75742
56886
34089
88075
34627
16795
69386
12182
69536
84092
1063
55694
15728
52941
84530
54354
18883
46505
51584
92622
38495
30589
40208
8449
43238
44125
11137
39973
92436
66152
9564
46394
68515
92967
17267
74025
34815
32033
97227
26784
35847
55682
37453
81764
93351
20396
54305
3958
88206
96371
46384
37406
25425
72614
5660
62430
90621
49987
57690
11052
84477
57871
5166
18266
15964
73361
51214
9929
94633
48260
96880
22416
26902
70493
93434
45123
54922
42382
51598
20244
96710
82323
50615
25476
57964
25776
96653
37379
5704
87840
2619
87531
98633
73009
67988
30214
27110
36175
76259
9669
80371
50928
37806
34210
12899
96482
8571
72859
87838
83791
74008
62778
88848
68274
89387
14043
75243
67668
14470
84977
22294
33919
20080
58159
85453
54672
88755
53236
54906
18217
46945
98278
98234
40840
59549
63693
29085
33967
56128
19566
69562
47556
45734
31401
52629
17917
55902
72428
51207
5735
63785
45257
14255
28694
20721
44831
57336
64439
96750
86496
37549
98245
53870
95597
22556
80149
48745
36643
56472
93677
75435
1297
56040
99894
4402
34369
64071
43583
21117
23159
82904
18441
57708
93099
97154
43429
64079
58657
62142
28881
25357
65789
7902
75670
89424
44574
48309
62003
89141
78488
92572
70159
22730
67234
76473
45756
3012
7749
63480
56175
9916
51164
80942
29894
61819
31891
53171
32772
89760
21193
540
38779
54836
13698
56998
11364
87160
78016
6219
6969
46968
80278
96795
33556
12378
91961
72553
56347
85379
95238
77531
72163
61513
60195
83671
81581
37465
26257
81133
93673
1596
56922
80870
47434
18873
11829
6333
82275
70300
7480
19997
17006
34038
17598
36850
34887
354
30873
94083
27552
39900
40082
56643
71264
32232
50782
52819
31039
32435
19962
56743
5057
59085
83825
3480
61509
36299
69603
57619
37892
90260
27027
59186
11353
51026
22034
14221
94222
8174
83367
86361
93115
61568
63980
75244
72315
90542
45920
20123
34649
21422
5855
87282
77124
25719
9044
61268
25508
3174
30487
20335
96803
28041
3813
89795
46546
16805
92652
57775
81773
53889
55872
64016
62191
42932
13060
6363
70972
80530
86939
39648
82836
90423
58699
99681
22457
5844
88226
68470
61421
94946
57552
87261
80070
12551
20331
70448
24314
21918
51606
69498
47412
17313
81467
18721
90548
60706
58364
26265
46281
79507
89428
82723
60384
8123
43112
15418
33771
85374
93598
43099
7045
9497
14214
89710
9712
4827
82014
40148
70379
6479
55818
349
44182
55903
75143
42874
46172
15040
76523
63781
74190
46217
46494
66434
52965
72725
66229
26075
46970
63750
99921
96423
82285
59122
26588
98480
53998
24970
35490
82640
14414
93800
56457
8302
21232
5144
46685
20931
21483
95887
30080
22628
78321
51420
85247
91360
50309
45919
54473
76024
19909
76172
71732
37502
39989
73283
16670
50861
49914
92791
46141
33189
88905
39926
67656
28724
29471
94473
28776
49705
30726
23791
32611
50592
32783
82416
6201
80774
20572
62489
27732
86371
32929
39199
57519
19710
18558
33236
38564
64095
5224
5416
39488
52363
84491
27024
2887
64937
46141
96848
19834
9123
96477
86593
23392
81752
34815
19498
94906
14075
91517
24636
35771
17286
52997
6315
14607
11090
7380
60725
42757
89116
55651
72643
65171
80259
44408
35979
43852
34890
750
13421
79028
33912
83190
69894
76901
91218
34142
75156
69116
37425
33731
4062
19988
42857
59252
28161
44729
7463
84173
46369
75644
72638
64023
30202
91493
2725
51558
5504
35786
23385
14217
87515
18404
16893
11495
34474
13251
4505
57975
99381
58321
81907
53274
94036
27152
7694
36819
75397
81538
86209
89420
18497
60954
1006
95850
98157
12056
52080
22142
98701
73667
79833
12745
64178
73232
84078
40057
76426
18001
65920
78845
23011
97201
65052
45421
31355
75399
20464
69800
29984
25270
52837
4931
69879
17479
31491
73227
87450
18039
99237
29091
91846
13084
28197
7239
51124
72399
97199
81964
85347
98859
26217
66957
64861
11624
73813
71476
34890
62112
30205
55097
44567
98559
11554
62263
62614
8100
899
13480
73281
15884
36920
74816
71711
95448
69884
39186
47478
17613
52374
16929
11951
90508
25443
11509
45356
50257
81890
43063
56070
27544
71128
17304
29628
38892
36622
55152
54855
89067
79884
14164
3161
79157
64636
6522
34963
99335
75201
84828
18585
25471
72142
16817
69894
81440
39919
79957
18931
40595
17887
32560
52504
10384
82159
76328
9639
85103
66604
5071
71954
1347
52047
68778
81814
96035
9149
25785
54770
18063
1515
82728
43627
27122
16426
40229
96489
4673
30154
31525
44713
22962
74613
85249
85329
60354
14056
89000
32230
36691
17007
93054
95774
42240
47264
44916
18689
90770
9400
80726
32324
40041
11925
37895
68229
16918
38621
163
92935
86229
43215
85978
63560
81931
48162
67721
37460
19520
41892
4499
2890
80961
50183
85327
57306
94760
46068
66509
87179
71391
94249
20255
99570
34203
76317
20080
20106
16641
14038
16528
49545
85861
59260
43419
64143
44950
88810
66427
31579
62675
8449
73228
51034
49139
56383
62453
883
52280
54706
50141
26007
5587
57716
47036
7869
58017
53761
30227
49129
47439
68718
46768
89011
81255
51421
19268
33050
74559
90072
51176
8989
2665
43434
67470
68234
74689
3294
5046
54107
62403
56407
17922
42563
93898
9560
13640
27045
639
83478
64370
38141
76258
63882
40183
82286
48847
57274
1442
55297
49947
11633
33219
55567
40092
49132
54485
25692
61872
16204
71951
21894
16509
66950
95287
9821
90489
64853
78425
43112
69332
84139
96834
9804
20231
60075
76279
65571
51951
38173
81613
470
29148
62377
40226
83130
80698
68818
49916
22804
60526
65921
3158
70377
77442
11248
9831
21324
48449
76148
21779
22405
66389
77621
87376
30836
62357
23489
63091
36708
2011
82684
62666
60390
64715
25668
98674
8146
18232
10126
72082
3634
34824
58636
63830
50097
56526
80636
75731
3161
83726
798
6088
99193
36008
84840
45120
10113
6399
57614
46537
98721
8082
97343
97177
69676
16633
51370
7546
1054
53954
51844
95876
44270
420
29520
79299
41545
41160
70075
47311
94691
64517
5963
71323
95035
8882
62300
1096
59525
84028
39847
85612
70479
60465
77983
34778
50383
42944
44377
51367
87340
66447
58828
13302
30424
8151
59429
40937
82313
46460
92266
89414
53948
56917
56866
59294
46461
4432
79446
65652
77419
4403
67775
51291
68568
4967
78158
15800
96514
995
24733
39398
32480
72944
28394
5837
97927
60218
11791
25097
36395
18550
91636
43379
14008
54104
60862
83083
11319
75607
3718
68631
10177
98042
60013
94877
32499
28889
91925
63852
13539
2174
66882
69236
20707
87691
99513
30067
73398
93919
62030
1180
90678
61556
65142
27870
74910
30091
15716
22187
31506
12282
30130
17637
38317
58556
99613
48868
55454
82340
41576
21594
94554
35762
4650
36580
42001
54364
91965
86582
27537
12532
90611
24559
30052
11045
60915
91144
64200
75725
60023
44151
45078
24223
64318
80435
26538
88513
81085
10176
68216
17387
16626
98917
18943
30983
53569
73672
37683
98342
86885
84904
89408
90051
1535
33796
35601
40556
19554
25314
23773
41087
70683
12358
10692
82432
74020
94113
72414
80011
80455
22160
91476
97376
7882
38852
80895
22414
1289
12343
70135
76611
71730
41741
54289
70005
6175
70291
63023
17322
42913
61999
83408
59197
23585
96183
73468
53972
97831
53445
25887
42910
25455
85252
39008
50064
97636
74566
85593
46453
97812
60322
88537
53498
72188
68025
82492
82063
67191
34425
40341
20775
37727
97965
73206
44865
1230
52801
18273
84727
72603
11328
59229
6265
28094
30215
87949
14725
14712
49525
85479
85055
28325
78798
42210
76076
66102
92390
76179
80313
89536
82484
77880
31449
87380
3993
97620
74654
36855
59265
98302
87359
2486
97643
7704
41813
65170
52129
37860
18917
78402
98642
22369
78989
46003
38676
3942
92891
27
8885
61337
86098
86052
70395
77307
75646
40655
32747
89274
40634
39625
42292
8439
39394
7951
86619
25918
86101
51013
61093
21636
74459
96910
61836
19403
57671
56860
33613
63355
51703
610
93967
7957
35619
40992
71414
90533
37427
47190
93851
90274
88831
42014
18853
23008
77721
43947
94586
68854
93130
86055
7377
59591
5440
69458
17612
36684
53791
30044
26099
22942
13059
65964
62372
62080
19595
88988
93883
15864
8955
1954
8364
82094
14651
27671
28923
7108
14437
70446
90917
75971
2317
23416
91117
27962
366
86170
47873
84931
54221
60747
25031
70232
94883
66193
8708
53752
13605
70565
12832
5575
24267
50129
57923
70336
65745
48808
21080
59804
56588
81302
5499
12830
22015
66021
97588
31231
75039
15823
5633
41003
42099
33120
5863
71535
23460
95179
10023
13537
35993
27905
20264
29389
71082
88847
85921
37210
80815
98451
74906
91348
74085
17505
77394
88365
89060
37720
26612
69377
72406
9561
68018
35260
49268
69102
63710
45144
72731
84132
95376
13574
26606
65967
99766
33457
19694
39851
58720
29539
75119
20932
34829
53011
94408
20005
94630
43362
54534
14801
68413
55610
91074
29945
35980
69999
41625
92395
46124
60381
18644
7823
55091
22930
16687
40821
45523
28123
6427
57405
75969
43757
28198
61795
31071
95331
23171
78505
72341
56225
35082
32845
84998
38881
4732
39686
60940
83885
85852
73711
15265
67968
36714
54326
99105
61529
47981
34577
11401
90286
87133
292
45973
35624
46792
44419
28889
73290
56204
5515
52941
42748
86336
10348
7955
26718
49913
46100
68453
17445
63262
79064
76717
26484
36499
44223
477
42560
72770
47196
98477
316
81973
80666
3450
23387
75092
48941
55176
77107
18077
95109
65701
293
11866
23370
71629
89650
27300
14617
81515
99394
71009
18048
30309
96069
10648
6911
64392
70486
64624
65977
52087
97300
58080
77307
4542
6401
7552
44714
11961
26610
62937
82015
12321
70717
28860
95711
13312
15367
47390
39484
9047
12616
84717
92480
31524
42586
96710
58465
78267
23277
2259
24887
59795
75065
37240
74483
54301
12216
96608
23731
99636
8750
33548
38105
44083
59625
25221
16965
52833
32685
69341
17932
80034
80808
82924
77096
26812
3005
15688
58450
8587
81377
3073
96897
1861
45085
11561
29393
89935
72794
15163
52077
99369
33412
24848
20368
87319
31479
2045
31559
77477
46855
76013
5776
39019
1793
68403
26158
57600
72164
14624
23402
36523
69369
15096
20017
51656
85550
25545
21384
51990
44650
60040
86661
23136
85084
46793
54350
48743
70406
845
36411
14921
43678
99796
92068
79225
96798
81120
92449
6369
13491
43767
21993
18659
56255
26986
46077
49064
70718
21218
21752
79286
81519
22049
61352
30423
20126
63637
71299
80338
87794
50269
52848
98088
69823
60305
80035
75891
79164
79084
17776
27173
76009
86090
94485
64415
24626
77196
70622
98132
65554
82645
81429
42542
57303
78917
83589
36509
65013
57853
36800
35959
77060
68038
21522
49874
17853
15665
34555
9849
67973
13853
12801
52157
64162
59876
85203
53380
84954
63411
14815
92906
49599
39768
63663
29916
76147
62910
83142
78220
42753
86614
20753
56757
99784
5460
45320
8011
37273
84155
63224
73194
93136
97930
97126
90974
87252
32408
22841
5053
36114
97402
27906
58352
70349
17616
58753
9260
97218
99194
89506
65133
95901
27047
95817
36718
8524
79677
90594
99763
43484
14842
83365
78266
99124
80864
46374
18965
37740
83107
61320
75337
57042
84890
93823
89176
66720
6745
91339
7723
60275
19603
76916
26864
43516
65017
84862
70624
39727
54613
21724
77151
67946
24956
74657
20482
30559
31707
21532
72399
68246
965
40638
87027
50090
16413
82245
88853
95264
11326
69393
49102
63132
22565
47634
5425
23570
3684
75955
15439
90414
49226
61415
27091
85163
86900
897
23772
56900
98894
53086
46001
30102
25119
49144
69989
46276
84205
63971
82375
32838
68561
28787
1661
2341
21888
50556
48920
23068
80804
95062
71805
3143
77724
92585
29543
10661
29495
33299
35861
53699
93231
61338
96829
94333
48497
7131
40561
10387
69854
106
20210
99217
57438
9855
89101
24148
46568
39810
41157
53130
63436
9873
73852
96211
40432
21379
22197
46532
88946
45558
79860
95582
4339
12577
22384
14141
65670
73487
27768
41922
58730
23733
790
63988
81814
86125
66519
36260
95607
50645
64275
96930
50292
34677
22032
73610
80773
66864
61377
3757
69046
50146
12577
46006
64459
58950
6818
8747
42167
6201
88992
36652
38252
71827
68457
10911
2095
64427
92906
84630
81905
21113
76693
32112
3572
93042
37274
77140
38568
32186
97990
49650
67465
85597
50324
28520
68648
16111
48534
94832
76467
31039
61562
43467
91150
32620
76407
4610
92221
2183
29166
42006
33076
4179
36088
83856
53534
35147
55027
66474
80267
66436
60183
59269
85006
33832
49363
36954
56648
44168
10339
41302
34931
64950
95427
68006
95089
91675
37934
24380
50223
2873
26441
51196
35768
21713
68913
95794
20827
9406
14402
45125
1200
6329
66712
2880
83843
17766
76001
58455
45616
12394
86662
77576
61992
67473
96276
20479
87590
83298
5734
3660
77477
75848
29379
23884
63642
76387
57636
77225
40364
51031
72565
98627
11445
75764
1592
42357
23679
88135
26273
94623
172
77111
20953
93840
79261
58017
25076
8193
7196
60470
4761
29793
3286
85009
90551
52152
21921
53354
31111
1355
52339
65983
97801
15799
19316
47664
62871
79268
80583
43699
11585
11701
27302
96656
85722
41587
75374
75830
10941
95111
5179
10140
60499
99422
15421
39826
25436
34014
67035
42436
46585
94752
39659
41562
71699
73871
68844
27136
96859
16653
48047
40174
64480
78980
48585
87140
32779
58759
673
61491
43792
2769
50980
93401
64085
37461
39282
20538
31195
91886
1996
18432
1310
28184
11628
27269
49204
91425
64604
12368
51895
92024
8038
13673
14200
32479
7674
69130
59849
41038
42674
79061
54486
35954
10736
84022
89646
82427
71107
54222
28382
15191
52805
11475
19660
18038
17193
47689
93911
95478
38410
93545
15538
73387
41397
14298
58954
2711
92025
22546
89661
98089
648
10139
93725
58590
72033
78997
66610
91328
21990
98672
46960
7978
82079
56836
12525
24826
77348
11306
9771
897
13097
32538
97135
56799
78512
92615
86022
87820
84827
78868
19909
912
26123
90789
87052
89302
46791
34973
47136
23841
33632
7180
14889
42247
44878
15000
85999
85066
48030
86980
97874
64374
45035
87119
52407
54613
57660
74391
55246
49043
24512
67034
45321
37313
46141
34074
36308
77959
47472
97308
33552
52070
39148
15028
15725
16299
63011
72807
53475
96861
98065
96495
67562
8081
24676
19259
5738
55691
30630
73588
38697
6397
71580
6607
64598
31067
57176
37442
87611
47945
72078
72524
21204
83174
78166
11031
53488
23695
80339
25808
24953
16383
71712
28627
32639
6877
81336
24595
46022
33720
70830
42312
93416
92968
81730
20148
24207
58330
3565
57875
39174
92439
90971
2140
7147
20787
79080
73004
20774
84939
1089
27898
19203
92299
5168
40052
40056
32059
90809
62874
89755
17594
91701
82637
20111
9901
33417
41391
13006
36261
53210
21489
51727
41701
64861
25326
91780
4563
57595
42246
80798
81019
18660
47333
34239
31544
77339
15005
77573
98073
17198
72992
66258
23907
90979
94319
90200
90730
123
44987
14737
96750
78826
18718
91054
89436
92427
73570
44809
44475
66586
1102
38138
48007
72385
1869
9426
26083
96843
32794
1081
22103
87440
65841
51801
77983
83414
79940
16337
7633