1024
40265
8752
9887
29215
26115
41914
90087
14840
77861
36207
93747
95607
98409
46055
45650
91340
27666
34008
51658
64725
28533
15762
35828
33617
89450
54243
25551
29535
76094
73576
99967
25662
36134
99132
24537
83099
42757
46178
97319
34932
96986
31199
32897
23340
19454
357
29815
75852
18553
36799
81942
58850
51711
90910
64946
42298
37191
38722
19231
3862
33219
63161
98600
67485
16365
47215
50259
30762
47474
14107
83239
66710
94818
37176
92429
95831
14850
34663
15770
28279
48310
41990
11281
94606
54042
23638
87343
48619
82461
56206
80160
76990
85372
61840
77027
97218
49635
71655
90366
79622
88294
134
70184
60660
33723
57221
26303
41532
82388
66127
30326
32797
42194
23154
12134
33710
61193
41875
94398
5926
95569
68911
58579
73255
67298
19212
57040
69787
12848
56012
20265
73300
65282
44723
50353
42046
86568
21104
98052
28757
5837
14876
16041
71176
90837
62702
87576
97046
70674
39912
76111
59627
29957
33924
67233
48915
27513
80010
7792
94169
66885
24436
22086
29383
21030
39167
37778
74282
68159
37606
6716
61102
41861
8232
36468
31468
25285
58203
96273
81896
5637
51527
4038
84925
16332
42954
17724
70032
10762
38931
746
74903
29016
90269
76362
38366
8607
93064
56924
53669
3197
50966
34563
45693
53931
51324
9847
21983
81771
69506
23122
541
38343
8369
28702
47561
36688
58435
38384
41938
60931
61520
3371
30703
89570
79374
55349
99330
51319
58613
2424
29841
31955
49514
78566
86635
29141
27699
78933
78667
51936
53588
5065
36690
96640
20913
78395
25098
96508
344
90924
48178
26484
4814
1295
43088
62096
90133
42001
46990
69061
10833
57918
93182
9631
61902
91263
32248
28979
68659
69998
35139
89265
64627
69591
82696
95870
12335
10157
27860
60591
43690
99098
3569
44652
7872
95274
29821
46415
94190
19737
45426
33539
78378
90090
68360
83126
10549
37821
20379
15700
72871
93874
73545
19797
60949
80387
14699
21565
26546
97407
36673
11432
92562
56303
18681
34701
82019
89695
19646
29052
2758
45372
56458
70094
33439
15478
46641
51541
87264
87341
84910
43966
54517
44288
98432
81498
3398
91133
10871
53321
46611
37022
9131
66557
19174
4354
93119
22787
68925
75702
95602
78098
59544
79234
39490
41615
93077
81648
45675
11963
58319
8074
88090
35299
72291
2957
69190
42291
43249
19127
23815
12490
35594
72154
28988
37026
65082
87799
6015
75553
49262
25489
11174
69170
44671
22396
18376
87635
64184
84520
7399
57497
46492
53063
60027
98893
7690
59967
67772
68239
73275
49686
20178
49720
1168
70764
95557
59318
64776
97626
46592
17548
31703
91667
33596
3671
48877
42996
80596
35571
41279
98601
32722
72400
67507
80565
95250
88699
21782
52208
79842
18529
99659
79013
47346
80572
53955
29484
65589
65782
19791
10715
2829
7150
59092
76621
2711
85000
53906
9387
16549
21204
92025
93930
29098
12520
13850
3632
44109
19204
84191
55615
97480
37918
33575
43666
67379
68575
40474
44215
95131
85522
92677
51630
78020
25171
92935
57571
52023
94254
94501
59070
55353
64155
64599
15230
15067
45252
48984
82836
66469
46101
7069
27536
95338
40021
2313
92080
3970
63095
27441
1840
59294
83649
9466
73033
18807
80285
58747
78874
89241
84098
58797
37854
21115
57020
11269
18429
6598
28853
38396
31795
95451
13835
25542
98452
33949
59746
79098
31000
94935
68765
7281
38716
68968
56070
34695
14211
78213
59775
75635
95898
66283
74774
42657
55407
75008
49941
13750
10281
22024
83092
88175
69960
68721
66945
8440
58086
19967
17002
30174
22437
30857
85093
78069
45032
32736
23833
79596
68128
11584
94392
38522
36931
32787
21214
27975
90569
77787
25090
19547
22716
80438
24072
45352
38206
60868
13564
37014
28289
65617
19113
63338
90790
71355
18714
29446
77979
36471
86821
33837
162
11470
92554
34468
89014
20
62146
27023
50954
19778
97895
47602
29971
98305
53747
74195
75258
69768
61684
4322
71910
89936
61457
74404
79053
51959
32002
29033
68999
14280
708
37731
87917
79976
74136
5305
56145
87338
42125
84088
39047
79596
7908
19130
68746
96840
29796
13100
94115
6426
25206
23773
81100
93045
80110
55712
10769
9165
12121
98717
7798
45135
2277
52714
27691
29983
57832
54661
56665
41248
59944
73771
70267
68568
34297
80180
82894
49487
88612
17453
60747
6363
27522
59590
76811
38270
70645
19963
71149
46115
9387
38152
51864
96789
18036
9
17330
76272
95606
27772
75015
28818
19535
4537
45634
81106
25930
81516
1790
2150
47041
5451
40992
10076
8407
12889
26558
22758
27839
25061
29745
51228
2238
86068
71298
47489
30249
64639
82231
22423
91672
13376
71880
97549
35082
58419
99685
37508
52630
64522
96514
15510
25590
16057
67959
18333
27061
48180
64007
34329
15700
29106
34844
95687
94925
25881
96034
28213
9664
2394
14167
48464
14842
61230
84267
12402
19099
37009
62877
77000
66879
81913
85458
98597
22310
22515
17575
36984
97468
62081
50285
40928
93203
9890
86962
44001
87998
54809
2777
68562
19149
50639
14637
11640
76646
36729
50127
38681
59578
38138
73730
7041
89339
52111
492
31602
17304
96968
12180
13118
10835
8347
32291
8161
78704
89361
84638
39189
69622
38178
57258
48446
49937
85862
52532
41763
11430
49709
49163
97623
26937
46598
77303
22121
23329
50386
3027
98468
27390
13569
47212
63153
45615
51208
10141
4988
28170
83158
62402
36389
15059
97373
78713
99816
48150
27512
41564
63897
43797
72350
6896
48684
44640
16490
2280
32980
90266
24853
74334
32171
2658
83265
86529
23792
50719
29606
64850
27658
52353
27802
49236
55447
17752
50380
51363
98729
88047
39352
60414
75365
8545
67388
3858
46274
82187
55344
92184
35798
67710
16923
85685
87982
34586
62561
59962
7375
1134
18722
21620
52708
56057
5106
20891
21258
77523
93007
27636
31095
19743
64017
8765
14528
91673
84586
29459
35807
60637
83163
54349
69327
4101
32757
4018
70871
66662
88711
54471
62739
71383
3313
25153
39429
35388
44125
96011
50880
41498
16405
79652
28790
64379
60794
84644
37434
43940
20066
10123
26600
55149
24299
1668
51585
95300
9802
76603
77662
70143
91178
49552
70916
8358
90273
32263
86730
59897
97709
72341
35260
52930
96264
50278
19221
26647
22574
79269
127
22910
12893
43119
44168
88800
38674
63911
32304
87991
12243
81821
13986
97098
53927
25037
63794
54270
41836
31139
10524
73685
39933
1444
36851
96189
73014
88147
85770
15301
30581
36161
77520
67789
6142
53592
95947