8192
62493
21599
31283
13000
26563
51361
19858
58815
83377
66115
87126
40706
52220
43317
42995
44905
38937
77670
44423
51899
18583
53228
36453
58821
57823
52565
51543
45581
40740
16987
93963
83374
19257
93456
64914
45607
53435
4332
36969
93517
49099
54971
66830
32263
79017
25488
44578
80404
36503
69389
42815
22122
51404
72549
92964
1158
87077
49372
83976
22818
1756
59697
10763
96394
80347
17329
11235
33946
39413
9642
41007
93101
96140
13728
61584
55980
38087
95489
40440
1551
35184
17113
57090
95101
94147
40656
41307
13908
31731
3489
89222
97519
30251
86740
41970
40093
62195
22862
13733
32060
41528
17688
19398
24719
80186
83110
8755
82663
61210
344
10703
90639
28577
60857
27941
94188
44319
97792
11949
4223
45492
74104
42058
63626
22018
81932
68448
78485
10358
24323
75385
50232
52150
1166
42788
27306
90573
4951
13466
62495
59606
36064
87606
12770
7282
85230
5099
93813
95346
48850
94596
55883
16402
41173
39583
40064
56734
52546
56818
74565
25290
94618
35321
11186
50208
18709
92935
88138
5237
555
96738
90293
31193
35978
42672
40430
46603
34745
35463
69549
10734
53740
68858
84936
80234
46906
10581
9144
57647
17807
49901
72858
26612
31747
76011
67173
67540
65171
88577
27086
36478
12241
29112
7265
68632
20546
29129
80789
51688
24417
4026
87209
81843
671
43995
28076
24831
62022
36879
32098
55343
12683
93459
46229
78432
5192
38286
24207
30849
89096
25972
53503
72992
62431
95335
5400
17254
82843
51822
58595
56274
68928
32953
7644
15179
66899
69073
85460
57765
9699
77608
43809
27641
72833
6344
67792
57444
24890
16318
26006
91209
9078
80394
83268
60252
38818
23063
40616
81304
86238
69996
33404
12317
94359
76914
42495
5131
21382
57673
90283
68863
9664
52408
4982
27683
25186
35016
67841
1988
77058
24261
1417
72247
97057
53348
86796
76439
13328
92626
71998
42112
31865
16860
51273
40656
82068
70157
25843
31721
79554
60074
59703
6868
24281
84649
85563
94336
54941
4737
1853
29726
80451
39163
33025
26766
31493
48087
5968
77403
21993
70658
15967
65954
94005
56581
91685
4935
53257
63963
15410
94314
58521
80777
75084
10414
2
98303
81155
17012
19227
47946
17763
74617
56221
58558
62928
34319
72147
21058
89559
33435
18190
36491
82702
37918
92459
24826
4725
20861
71590
20600
45991
2275
33557
4094
70192
62148
58104
73787
36565
58496
17289
26343
54707
29463
84643
51329
80567
32170
88763
39085
3893
24693
46589
74550
79228
42927
12565
91434
1441
3293
71942
51554
77572
67839
83837
73319
82583
36107
92192
45201
43822
30248
3939
67125
51580
96703
59541
29174
92590
85816
29000
19369
14478
47831
62316
6607
17987
36008
58539
41201
55351
34164
33319
70182
1749
4253
41594
8935
40334
14311
19741
14052
55785
61106
29401
41583
22529
36237
95901
10328
85497
44578
11658
54808
31097
74361
66321
95061
47570
15558
94029
32354
46310
2586
41604
58195
13327
44360
96465
51031
52981
24142
32800
77857
35321
35690
87671
50058
8374
38904
76510
5398
39396
12718
18217
25808
99296
62416
735
62299
84194
58244
69783
57908
20662
18185
44314
92336
35151
57288
90844
24534
19647
89268
24070
94309
26806
51247
91460
78681
51026
26557
99176
64919
99954
76700
40458
72865
47216
6425
93534
41289
96325
2658
56006
29606
61760
71044
59109
71829
92237
4545
31336
39141
50678
12209
57733
7911
56117
70201
86864
37624
95099
10982
73491
27921
30739
11577
79165
5120
42025
85471
4649
81628
85597
69230
23172
25282
32761
78280
336
96090
61963
67189
98804
19835
52113
4693
79863
34478
49488
47527
76764
37128
12889
40579
37336
98688
24766
78768
72134
16646
18226
17097
51322
71570
65379
57277
48754
82025
80108
69958
17372
99696
75910
50083
44769
64441
98009
90274
56186
22622
88267
59794
67528
50981
29141
29124
4643
34568
93686
43765
24150
18804
62939
34701
69821
84109
20662
92932
46931
72296
68008
68351
99801
44203
26598
19768
66393
13260
18147
31655
34019
84763
65560
65417
11345
80085
31168
38313
84889
88412
89603
30221
81384
28472
37529
79044
39879
96413
96634
11951
37621
75487
18951
30265
97425
61183
90242
5368
85008
18202
80153
18492
51415
37986
5931
32608
89076
45054
54302
24233
19741
73469
16275
83817
72819
27799
52669
10850
2840
32088
49124
33859
59978
37152
22225
56652
51093
17969
94166
52884
93086
44612
24504
39981
16014
71705
85084
72767
76983
68725
80409
3165
44705
39412
32523
70780
48613
78102
63200
33160
5401
15953
3995
84303
82604
26017
60555
87570
50024
49306
65358
55295
18001
77756
52435
68093
86440
7494
56448
57596
33466
4807
37330
73224
73616
92470
80303
83490
94240
8619
7322
9387
71843
11165
88606
89425
5865
74912
56917
96216
40511
5364
18353
95175
88680
16654
13642
45471
64077
3183
92717
42425
64089
91560
48516
13542
84245
69293
63734
36574
57851
10750
92231
41153
75638
50561
56431
64248
5374
54272
41180
43161
64760
2691
98214
19866
61313
75215
32528
68690
77180
85037
57075
82995
22802
28826
16941
16884
51493
84697
22730
27524
99290
71520
64640
20130
18087
35424
58878
48450
77481
23108
860
1232
61040
37223
97850
49545
15590
9144
23491
12625
13428
56940
66035
40010
7223
78990
97764
49489
59882
88786
65312
48427
7074
55340
80605
78184
91178
52142
22878
27064
34713
34561
42950
54155
41208
61846
42505
52879
12411
65477
63168
10999
47521
170
80135
26641
91505
6208
3071
59877
99806
83655
93502
31326
27545
96093
38794
47310
13001
46230
92267
3272
32997
55046
17011
37789
98273
2953
97561
69861
75143
86740
12014
36720
4306
77756
14360
4019
57823
78754
9
82148
98899
74565
62978
44033
91584
51484
31998
80557
6179
92190
44799
91195
94602
77272
60171
94643
12931
6737
99893
62896
91189
96062
1167
25873
59879
69947
65261
60612
73084
25392
12898
88832
92802
19797
60661
30788
94351
67892
78107
17492
41223
53455
21538
66517
57119
65369
75508
36516
3297
13562
83830
60328
56078
45822
58066
8191
93062
27013
95856
1439
44050
87619
58315
75369
76299
82123
14299
27103
91192
96552
3191
97802
54100
42470
35670
78130
1104
9285
63144
65241
33668
8470
39447
95923
49380
71764
87039
49407
76335
61519
48147
49267
47494
83676
81381
55530
51113
86292
33976
81419
63349
76533
88400
99978
28825
84134
39167
12800
31155
74521
20596
50344
42362
72530
86304
6763
93888
93613
33127
15506
77672
3080
20399
14856
834
38979
90737
59567
24163
22193
69214
80837
77793
80149
86423
71513
27752
88511
61786
68255
66388
44279
85744
76344
83920
42522
47912
88158
45498
39921
84793
67246
38258
3064
6831
18637
13017
84462
74455
19456
33708
95168
26335
86984
60749
34726
29868
86810
50730
82082
82910
10434
64963
77413
28848
86173
90824
64156
50259
39559
37038
18652
8612
50341
4572
46781
14818
24096
1463
84901
11444
71346
3832
99794
13663
31444
18479
73885
3033
48374
69928
45453
13640
17513
13592
35405
22116
70576
968
30281
80927
77707
62769
30536
38300
7278
35703
82619
23873
77947
33261
68295
34607
62731
44103
25139
8586
74316
77186
68677
12697
32385
28733
68195
28858
67540
80579
62487
97687
48099
63244
73140
51199
41077
15218
99368
97613
48125
72843
24852
3721
64257
59463
58862
23689
66684
94531
4148
48083
68020
57602
35685
96921
12220
9462
54168
68942
7288
82118
53791
25554
20611
3365
4690
88459
78293
24182
62875
34538
76743
97079
9995
9948
35825
52351
19330
41519
12764
21752
43769
92431
37155
45649
97826
81700
74245
81515
18827
95481
27728
97119
12937
79008
2864
64978
37166
41128
74970
88382
83985
57822
8773
71869
47222
74700
70848
93779
75583
73569
59437
64482
61108
29427
95051
2312
85681
61465
42407
70886
44103
53671
44838
98044
41419
6127
20341
89297
20092
89646
25737
13980
88977
26231
5577
17580
3382
38091
44560
23512
6521
68272
90744
91461
87011
39689
10452
13580
29184
16928
32414
399
88741
33366
63963
9066
11161
15617
58871
86124
1623
31131
42177
83496
80138
32450
32724
46403
60373
98920
81313
70574
64584
48279
44804
61640
78778
84626
12582
43762
64243
72053
75702
35291
83499
68784
49024
92371
64361
83555
41844
60418
26994
32339
85528
62512
47004
92354
6984
80898
3511
65623
13058
94359
31842
28039
22222
16668
95591
46314
16227
36006
90553
22420
14189
38341
53854
58829
16317
81197
33482
22080
73110
32064
33660
24660
46755
59643
97790
48230
65240
13283
84854
27104
66266
60835
44114
69569
48022
10702
38741
19318
28208
35895
58200
95297
75566
57237
81838
5016
57063
38908
56012
37252
7883
79871
19997
62896
46446
42034
90089
39500
8434
98953
16167
70763
97753
29805
45041
62987
37471
181
85661
88478
85602
68150
87202
53033
38260
51785
94843
89932
5297
33184
70120
76825
2765
33920
1352
91302
78337
13711
32203
81647
60618
40172
14684
48285
17366
88291
8135
4884
73590
64608
71724
79389
28489
56499
10896
33427
66229
78957
30476
66533
94015
33318
26631
8992
86369
44874
18643
77487
22498
48038
67324
70316
61373
91464
39253
7623
13143
99508
19147
76031
60798
65187
97143
94049
45571
45264
69842
17452
87842
16120
51247
83787
86088
676
93374
2816
636
31104
31902
63827
15067
98157
91372
9110
98948
638
73780
68494
74540
15340
52824
34059
43927
74612
97087
64426
94047
9159
68407
81612
35667
21105
40379
89690
7827
69770
18845
32304
6078
46189
30710
22299
56552
23666
34255
40384
19330
62637
61095
48375
55657
5514
29758
40588
15280
7215
69825
973
35132
6866
10698
28218
17493
92890
87044
64020
83469
22878
60489
11794
34986
16000
7575
2510
65539
73344
8030
93952
18011
38030
11671
29712
32163
43827
89697
30999
28688
14212
93870
76824
79631
24793
62870
73133
28152
60660
37263
6450
48085
78502
21371
26997
58110
69369
89615
52989
15027
50340
7599
35432
82833
12970
36995
30744
17454
36538
46800
57945
91502
3422
90003
79448
37709
86198
2760
38318
37307
21897
31256
49748
2499
2954
27036
4053
89864
24973
15971
28642
24641
81400
71593
76875
19900
30594
77874
17885
42275
11780
48359
65825
57679
60306
65186
20923
96455
60524
86415
74072
38165
58710
75973
47304
69041
2264
44257
47481
95686
89513
73944
89342
98086
18765
5962
11415
68655
84890
67220
28812
42669
31362
83432
91474
75297
639
71458
38785
50352
26037
56324
83949
80386
41253
49661
30411
69715
13953
12858
23899
36867
5117
32639
27518
81845
51212
12578
43755
95477
67279
55173
83732
93819
970
20165
85685
96540
80096
13258
4281
44562
18298
20994
28518
14667
75443
72690
73371
11568
64644
32685
56850
54661
95688
52343
51031
22127
28070
63741
34211
50802
24167
2806
7861
68654
72360
78027
57346
423
47045
76163
43335
77449
68585
27945
53074
48426
49598
71364
1062
92223
32961
81276
7302
20823
98962
44517
35174
31427
64915
1859
61686
59775
20798
83457
49677
81775
18810
70227
43195
31228
23411
27599
11552
81594
57098
62360
2318
63830
87809
505
52158
53189
26019
91637
24557
77510
89402
55200
38950
17422
80641
41185
8765
8258
5021
76087
65181
3385
68756
45312
65334
54395
79399
91067
60260
62675
92585
13293
15447
43053
70607
39283
75295
60624
10135
45413
30809
17726
21793
47997
21264
17532
72078
73640
94709
30090
57999
61403
19256
28659
39444
3726
35947
79387
96204
36489
97668
23556
82916
33245
79387
59033
30813
26886
55692
67629
99250
34915
83084
38093
84324
19288
81933
46139
30800
55886
51688
33574
95932
64647
56738
57152
21437
77036
51608
25083
74106
33920
74403
77154
72999
70454
29020
34253
4436
59680
1830
38762
98534
20764
74526
35840
87042
42763
11944
9486
11515
57205
43377
69284
28813
63729
60578
25948
7464
51712
57443
37552
95684
48654
66014
10293
11330
32899
73094
6453
36474
24738
63651
20009
4682
1422
8345
60945
82523
99892
97223
11229
72064
85526
91902
53745
7713
75391
36671
40020
95085
53169
97689
18253
16455
32303
22308
14446
18512
33824
34958
29218
97168
19066
719
3365
48558
72573
33290
80121
65581
43820
37400
41155
45020
97284
16661
93086
7204
32453
23152
98329
36894
54485
24245
35619
27428
57183
78470
77853
1977
54993
98196
36363
1193
83055
1971
97927
32044
52941
45595
44619
2512
94216
73959
91892
12366
92463
70309
9619
51073
7689
19246
46105
95076
8188
687
3410
94982
74924
21368
12288
36140
85341
76724
8812
43446
83507
98297
66250
63464
33995
10969
12170
92975
13526
87841
74752
86124
7559
32066
96116
79927
26438
71104
25157
48019
65597
3218
46443
82050
48591
69841
20782
28081
57591
64029
96336
7149
7456
24791
81976
75356
70893
25131
79442
71523
76295
7264
57119
92436
84543
41196
12954
86068
97202
36312
26413
77694
48968
11912
50830
24485
10935
65448
24294
44160
92605
81883
21817
39127
41616
80409
10267
77929
56093
98068
78121
35725
64107
74225
99989
48501
7011
87515
43914
51278
30703
88916
95908
13222
66549
51619
76924
13692
56862
66359
52627
18443
43912
74427
4559
43549
1044
75258
48248
78961
96114
36248
37191
38255
66065
4080
38980
11908
91480
24723
30389
40032
11154
54917
47459
19768
10234
99497
88542
59
69892
73369
32946
23352
86361
1549
43624
33763
11974
76613
10494
46394
52367
30384
90737
66586
20020
14455
33893
53048
8323
18693
53097
29222
69605
82806
62750
80106
58875
10153
74675
31433
16480
93809
68972
87460
18568
40804
37393
91099
63520
14332
44912
72240
4004
65460
81067
75558
24572
61037
75010
34326
57506
18918
58550
6616
88923
26713
599
36688
33410
72226
56388
94586
5402
29613
24537
5232
39001
34694
68312
70329
63462
8250
51395
83258
48629
83128
95619
19048
80853
15419
666
21143
98486
33269
69087
90984
54871
10775
69482
30531
63623
97324
59758
24059
34937
5964
8852
73038
36693
10703
44874
90708
83995
91332
59138
38754
13452
43843
47645
66521
86233
38935
78657
87947
8145
12203
71305
9672
56221
47535
88421
21023
21703
78366
35403
33420
26087
33229
96216
51275
11434
52301
68122
35022
50492
70789
80281
62273
54367
43955
31569
68465
49424
11161
21004
52270
75077
93736
73256
29764
95991
32871
1331
37981
49117
50120
77733
28536
9792
68705
33859
29232
17804
32210
90496
39036
16845
57437
42376
72680
42349
37294
72683
49397
36572
71077
43534
64039
90097
7842
94490
83629
9339
78958
94783
98410
52128
56306
78869
99279
12752
76508
12692
95448
61776
59502
40704
49244
35476
3236
63008
21109
41338
89805
15997
68475
26080
97240
48656
1803
41319
776
82046
93606
13591
13264
20839
49720
46319
92103
81926
51272
87798
19779
21194
6130
87375
7347
34711
31162
56570
12591
25505
23138
21429
87576
18655
87816
45753
77329
5731
94066
62231
28452
3291
11455
17771
26267
90442
30275
95979
42428
95407
92690
5469
71648
49520
15735
32338
12083
15032
8311
86776
35243
16978
59184
51440
606
37207
33252
25184
2177
33822
53772
58739
72794
11967
24869
45750
81319
46254
65586
5156
87091
62095
41199
52154
98044
73135
57222
54619
30393
34688
6366
79886
13542
2136
72300
60783
89817
44329
25619
99415
52454
80382
9012
34117
98134
34919
577
55547
61255
74964
16521
46530
88524
61242
14488
90790
46866
40531
32174
66734
79512
4104
54179
74843
38973
87728
50900
32495
79993
89831
55567
67087
24410
35529
34272
14512
18345
19234
79133
15208
18872
49518
5202
14336
70365
87620
11808
7886
37105
93696
67798
46646
97679
80962
56026
50067
42262
99142
10113
68958
53159
96305
10595
47943
55930
9608
41793
37247
95746
3906
2730
72586
31991
61357
71800
28070
18914
96960
87546
47355
46254
76445
36962
43984
40596
70396
39095
55708
60715
22530
94421
99183
26536
28960
91855
60394
20702
6967
52231
58674
98081
72320
38184
94541
59613
22383
30181
70879
75892
52944
7025
36887
37421
36791
98953
81841
28952
53981
49305
30512
71207
6861
85179
47446
89206
80349
82187
47804
95690
87246
72988
78878
90907
22538
27104
48397
43398
67514
72576
32729
7351
68594
77298
10957
26529
553
9455
91584
48165
30960
93105
36827
44722
59783
29636
95385
87375
28694
41940
8618
5783
67348
95995
87016
91051
69976
58449
16281
29006
52379
78757
55142
78427
60775
7729
95500
72827
22642
19471
82126
8284
99505
326
92904
39494
83163
88161
8920
32769
37674
93521
63563
19927
4626
30040
50374
11062
71426
45247
20702
65525
59069
71697
70968
56578
65245
48804
22722
17949
58923
7416
27335
16663
303
19521
18708
66644
76795
51339
29197
96566
27360
53056
15231
36291
7194
2398
2115
25761
34306
45557
97211
86958
34082
8216
63868
19166
54183
99261
65120
67927
87478
27159
78756
53826
15479
96352
71050
34295
82774
72196
48786
19788
13375
66664
21666
81615
57297
57423
23090
92933
93535
65250
68986
23993
34181
30108
29269
17701
8075
93832
73395
52040
42063
97440
30922
45028
72841
18646
80501
85524
54861
11087
88337
69900
56311
12653
97052
43716
50018
77932
55876
7178
47754
7604
77474
20529
21226
74754
3155
64522
75649
99501
25838
75236
81470
7508
16152
53145
57905
47583
64863
83708
86937
28226
16647
43177
61130
94704
14913
3350
14741
30942
67592
71300
92484
84160
95662
85406
66419
52751
5196
13985
33217
32587
6714
67232
30154
21208
77699
30803
90261
68585
81462
44674
11598
56183
89362
82141
40748
55597
61627
24058
21770
39719
18317
12771
30476
89111
95337
6579
86063
15433
50375
8580
50131
71290
22759
34179
97072
13859
56864
54964
58445
25126
31966
81490
51432
55386
29179
62574
3893
18071
52844
20526
5319
13339
26112
19988
44804
44325
94154
43260
11098
92199
58809
37465
9142
46738
79155
18111
62583
9793
51407
18007
36962
74244
23455
25136
61431
2904
56962
74171
86002
20483
25494
7585
97497
49153
86447
82829
86973
81914
29996
74685
58455
54625
1103
48255
64327
38753
17460
77994
97833
94660
21032
98172
5420
82449
7012
36353
57339
62192
92354
50577
85681
23829
83638
39854
32709
17622
89862
22270
48392
71161
50132
88445
31130
53679
99609
26195
68612
43433
71066
20186
57672
24947
95599
56804
73063
38981
52591
39605
40869
9953
54688
10060
37071
30366
23814
31541
21978
1511
80435
33435
52239
80810
10710
85444
70908
74847
43827
79400
31458
97318
13472
37181
91504
38077
35898
79829
64157
47242
36606
13545
6332
94605
91188
60074
49884
73805
8985
68811
18819
88464
31800
16163
36281
41291
48271
35840
73168
9636
83717
90702
84778
85852
55006
65833
61398
11969
64084
28306
24176
71317
19438
69996
19534
13421
53144
39671
11079
55379
73732
84366
42624
15337
71565
72097
65991
70074
30121
96042
19325
21503
2379
21141
72946
71701
22221
51687
97730
44983
9727
96836
13473
82612
38122
7283
48778
46802
57619
85501
40409
21016
48155
38654
98399
29737
52618
393
60360
18748
54116
8684
14323
12748
80704
17186
304
17326
81783
16749
70596
47110
30297
7790
67375
12327
76443
66364
43994
54446
42080
69530
33207
36339
24366
98943
79223
60529
51164
65980
69516
24342
82674
38922
95746
62184
45593
52609
56826
79008
55175
40544
73652
69479
16642
3676
19517
42086
29729
26162
31981
54596
78268
27497
73064
92500
59032
39187
69668
930
57471
53419
78542
92242
80311
71177
52740
80080
56738
5094
38805
89419
84932
25941
46295
6524
94680
23970
94747
57145
98384
50503
76675
55379
52977
48485
73824
45227
77177
94499
80066
14661
19204
55936
18516
68051
94146
63818
77004
88199
62220
32435
55687
43723
75154
54070
82198
75950
30517
23451
96175
12416
71160
94454
59817
51692
1154
29406
96667
34518
24974
23870
14090
27974
83642
20674
65274
77578
76822
77465
7839
23085
41052
2986
23897
16193
85614
27279
84929
96720
49724
58218
172
92183
20122
3668
63069
32442
29230
45712
54602
79869
64369
32776
76058
5408
92095
68691
41989
21383
27016
74102
99608
89102
4756
84219
50385
87933
63824
70295
34743
79163
60932
209
72518
9262
1216
11852
38907
35013
12440
73903
69122
42706
56080
28835
8935
99509
10753
9495
95456
31937
52665
43249
64802
71055
7017
38466
11259
33365
20029
65976
46174
72435
31249
19465
57160
40576
32701
65409
79724
45952
25053
59731
56826
99742
93992
69363
18461
1633
16342
48221
68068
30043
19150
49933
10684
3841
34820
61605
25484
14717
9580
78946
93767
40596
18991
24838
32471
60938
25161
1183
74527
82387
1194
98924
80776
11536
59903
26328
30370
72681
34416
33334
18718
78486
57752
18655
48280
68308
27200
96989
72748
66894
70454
82881
63159
31181
28593
79096
74439
3786
27644
17916
1930
34981
43417
52558
73689
43849
20687
598
62969
53160
68913
60470
66899
41840
63914
17407
55025
36963
16290
63717
20108
74537
94050
99385
87090
27942
72517
48901
43648
55085
22649
76390
48030
35672
32082
4332
67133
50069
88303
62572
91093
72159
50028
34874
50280
32973
6321
10924
3920
9483
37946
89468
977
20157
57017
41409
28432
37615
26580
96403
46538
82648
15667
87163
51797
45576
69755
29456
2548
96219
93950
38859
26191
22503
68606
21018
94262
5062
23064
90752
31609
41995
39783
37419
13398
65935
166
89981
67453
96361
20353
26924
42230
60943
56426
45206
5766
53970
96710
21627
23683
51793
57906
50756
92361
75894
74881
4671
72501
43085
22413
53736
34090
8429
28439
76795
52167
9352
99187
38086
58934
810
48993
38154
70855
56413
1445
63724
8335
39369
98475
67722
59418
9894
29296
34411
95263
77090
99132
80889
14997
25450
57669
11948
43134
96485
33007
15758
34800
2424
29092
33402
91894
70050
13715
47141
59027
24862
46285
53245
39750
44820
95318
33522
30369
97610
85950
32045
72581
9153
17665
58923
26416
80952
69402
48163
22705
34491
14624
58781
59144
7886
90242
91647
35354
62930
61352
74957
43265
50063
89783
17965
9176
12812
26351
27038
46067
86058
19755
73890
38185
60612
46719
41324
25475
83823
62297
95820
61575
97723
91628
39491
22335
59793
17309
35129
51597
88335
81087
79276
80833
66204
79760
16059
94645
95853
9400
11429
75038
47387
82269
10830
66601
99973
46577
12395
9882
94110
47507
16180
59801
76496
48939
23642
72279
64783
50614
82981
39750
97985
10589
97669
2881
61459
60996
99128
12718
17669
55227
63652
76513
23479
56371
92377
40345
85860
74754
66573
98573
89667
15277
74675
45986
32870
53019
9939
84807
99290
98686
4389
84922
96422
17043
15099
14847
6362
62451
79895
27804
32699
91927
12330
24752
7491
50571
28635
28202
5529
54353
71480
47470
36057
41383
27773
41313
90210
41845
84054
92036
43600
27098
5701
48875
53109
58280
25969
82739
18029
27768
77649
92137
53793
34886
52307
30549
94173
99547
99010
4434
23798
76503
64528
1032
49115
46873
14839
82471
37079
82186
85729
15891
74850
10605
18233
36487
94434
4150
18443
82424
84894
39623
8207
24267
58328
77569
96439
25303
2942
80323
83258
60272
95074
94519
78649
68433
69477
30646
80761
57398
17408
89016
88983
37945
2668
45270
14533
56066
37411
5511
17458
21154
25062
69978
57094
43769
20806
70529
997
73614
8568
67480
17583
4454
87613
18030
33946
53696
84955
86872
29313
25777
62204
21092
7544
81663
93975
98918
97450
15116
8833
3585
50509
3950
36639
73493
10537
99697
90193
8516
30367
70709
94369
64142
42603
25344
45720
54518
30182
35877
92015
37627
78770
88289
9546
88829
89212
86165
7291
13856
16050
94676
35837
63190
48172
70160
11609
32034
56750
56868
37284
17062
54916
18011
78862
14738
88715
11712
98230
95848
40060
41898
36179
43398
94219
90795
93140
24788
56713
59756
51711
12861
5338
4864
22755
55694
23798
9071
71661
93659
14867
76511
55873
39798
77778
11924
49497
88123
2318
1702
22073
5823
81353
1053
31609
14964
9462
78877
16598
95549
34132
58366
2063
62102
73987
55631
74428
7379
73412
44019
72698
54584
73649
62770
40276
63136
93739
69776
87383
92533
48087
42536
11391
93402
49743
62370
29521
22285
20242
91177
28162
98025
69154
59766
76250
57977
84725
89732
54911
34437
10138
65499
79960
96890
67520
33698
41758
78695
68907
16300
51934
39263
76063
33214
40559
72826
21218
74592
80822
98098
61716
55714
5363
63396
1792
94696
93558
61651
97129
82167
85714
63033
92393
8435
866
81030
57634
21522
30994
42672
40312
63257
26972
5609
14088
45061
33844
12042
9780
49222
6879
17856
38963
12239
78335
1901
78348
13045
89246
9927
17456
75597
46754
9861
73140
73720
36547
24657
1519
36912
99243
80941
26814
53784
51362
98340
95092
75132
59320
82306
89221
64716
12703
53372
44584
73966
76267
31720
2136
73673
71209
80395
37169
42514
14016
32761
69991
80205
24334
90598
38368
7926
57735
88903
50419
65582
64794
12277
24523
22224
33972
5383
3080
53864
565
56843
78653
52618
9600
84252
79872
10180
35820
43307
98145
3718
65191
93271
18270
59286
8328
72484
56440
32006
51269
94848
8095
85746
89924
96743
5431
51142
79243
32413
42375
22790
21940
5539
73452
16736
58501
79125
87532
70680
1990
68975
25090
59505
86472
48523
4708
257
61343
65184
59164
772
46922
83940
27061
90785
66489
29587
39131
19703
27187
31220
27224
46331
81997
45587
77076
92853
91647
49533
28650
60296
54128
71446
89035
73862
96368
87882
86325
42003
55194
85916
530
96323
22248
34855
45024
63314
12055
22706
48597
30025
46404
48864
79128
60638
84225
82587
43513
36465
9446
99153
12051
85820
80866
4454
73297
66727
86648
5342
93865
54601
62775
43368
30198
94489
71174
86152
25478
14027
17010
34191
40966
64440
23996
35036
56313
29315
2961
5597
11991
94122
95672
94809
89118
91809
14117
73453
33545
22437
3146
30236
72125
71053
30966
36637
85059
29216
72601
45450
15803
86952
23223
8094
14242
21231
60265
20238
5867
38329
15586
8175
89444
73420
72219
60078
66317
41304
31023
26517
54795
63367
22454
15625
64507
56743
98298
98674
10231
26597
41503
53810
20300
51471
78328
89319
25023
89911
91184
50742
89014
27567
4198
86687
54015
19391
79566
69991
16650
14000
38053
518
69947
88628
2678
88416
24605
84995
55899
42080
72520
81992
89210
9888
10290
17026
89606
93543
44474
31283
53100
3350
90043
63850
22576
59254
34836
41218
14646
90180
41945
54826
82759
704
45413
29770
81932
9187
54538
93965
49327
70174
17150
72944
97081
66947
27449
53385
32761
36147
88782
95393
27381
16975
52224
51784
36682
89907
75563
74835
75807
39065
27065
75097
75719
47292
95413
14968
66939
75177
16435
30432
41322
32277
19399
99646
23985
33706
78933
36791
80831
6792
53654
68889
98884
70033
25410
75858
49827
48252
97643
17877
54284
1087
99115
51452
78692
53781
86973
35834
92412
56283
75591
63970
56219
99694
40621
95552
85671
54846
47662
58651
13203
19647
88219
78304
52782
79223
46692
40202
89441
58460
87056
53166
43075
79889
34187
38585
88737
52959
94352
13440
76402
3886
42468
97477
79777
54849
49703
89681
50438
73776
31584
97790
54757
60215
49318
9789
56812
38535
24953
4355
89876
96038
1250
56321
17515
53605
5753
37303
29474
76213
4836
75122
35715
28262
99303
81281
20393
35036
85789
60003
94618
16536
87949
28066
32021
84741
97250
99136
60099
64287
63408
71616
6203
75619
56752
56975
23859
89079
27762
48808
97750
4466
69551
81985
92919
22797
77489
61244
18949
81834
77853
95774
40067
79714
58488
22551
3234
57064
66017
17384
78741
83311
97145
12378
54635
96352
50430
65248
2790
73788
82710
67019
46796
17761
50642
60502
10341
83595
82769
30158
11716
84638
98507
43286
65911
87002
61546
396
4072
84899
37517
15163
85193
51385
95222
76718
86175
1979
83141
70876
17820
53597
45850
61346
76104
46458
12487
44645
61011
66566
59178
38260
58327
48967
16080
35069
17422
30651
26235
71376
5931
36325
53854
61948
80716
6470
9460
51895
8990
97464
7832
66592
4602
86476
87580
58899
69307
19995
73563
20752
30211
33661
75947
67080
54346
37981
4215
52251
11834
6552
53310
62961
94060
61512
77809
6922
49532
20900
74848
95255
16738
48570
55555
31390
84528
6609
54645
1949
24416
31226
15295
28942
13634
50144
22036
68663
16683
7967
14690
5821
49195
2279
45842
35706
15227
24599
65273
6460
54651
40322
43450
30843
20493
83198
75744
47491
35465
40465
71857
96108
44575
81735
22610
270
28641
70923
59318
36747
35992
79958
48541
29718
1573
96358
91921
44969
10291
92950
33948
80254
80657
22113
11906
34475
4711
84352
66017
60399
18652
63337
69847
78940
99263
87798
53103
32558
4705
91180
91069
45449
68239
24840
62257
8224
17227
27400
40865
33062
77657
16197
93739
23048
56766
44209
57672
11368
60445
95112
80979
61470
27739
53440
8978
16300
93737
33890
33802
86534
22335
97839
66200
7154
1683
20737
84239
57503
99191
59354
29126
1559
8635
21453
62131
97326
99508
85118
67886
81802
53859
35454
52228
65303
47443
47506
42755
56659
5071
24056
1838
53678
39246
75901
70980
23102
50824
38443
84484
90799
45238
86515
56321
29029
76646
48517
64561
18429
21640
26695
35247
89129
20962
93192
2925
96657
23260
41551
27164
98186
58565
52422
6665
42884
75013
93227
15923
64499
37256
79404
83731
1951
84263
65155
36431
13373
5509
29239
22822
39233
15685
76775
84197
32060
95456
32221
57075
22549
43322
69248
8794
19668
5893
82082
10854
13754
11308
15566
80913
2293
50890
16075
49555
97318
33535
12358
69184
30614
21189
29874
43319
99131
67264
10027
48497
94962
4925
28844
97416
9242
91158
19549
8049
8866
70236
21296
73307
2757
92720
12495
99083
74522
34540
25241
64333
33861
84854
46340
35323
33914
87411
88784
44333
37469
38561
24438
16727
18262
86520
14967
36250
37129
4222
87912
22500
98746
57892
55508
94398
76348
95797
64877
28223
96212
4513
83153
99035
60168
86062
34847
37701
33295
21906
71761
48937
81686
25730
52643
13614
37141
48130
137
14544
53120
66801
61367
56264
79240
25042
35183
37691
25029
34165
27009
98372
18489
28035
15973
94902
48903
32623
35596
19983
40921
35522
77723
82587
52240
4061
31281
37069
98158
2598
55792
30045
76027
30386
30437
36278
32254
72873
96652
62424
34354
90314
35161
97409
97963
33337
31549
12689
2001
72116
46473
27566
39576
35694
5277
87196
84282
83677
68577
41814
72050
75809
82517
53656
45384
64657
17410
60611
55678
98572
25607
34983
59980
40305
32032
75961
89570
33334
77060
88231
93050
93203
30536
15162
49462
66393
91051
62171
67409
66516
7035
57328
55462
42542
26112
93705
32679
7477
22939
45572
80670
76262
5914
6630
32172
43213
30932
43100
14231
60914
50479
67430
75797
98337
20683
41993
68456
25677
82238
83688
61187
88008
29231
75773
49609
45539
62375
50753
92822
75851
42230
26180
59858
17154
28094
9427
14343
36523
55424
31867
88613
11664
51455
40805
85417
16447
29888
42336
48089
8449
55023
2416
38332
37600
8071
78109
25301
35416
90534
25947
6080
15852
1959
36585
8847
87429
36771
59300
75272
31507
93086
76421
54495
15767
54221
64872
45146
51947
88443
44785
78563
15093
90848
77550
97021
78780
88498
39268
92503
83589
68811
92309
90814
51183
65740
40785
37168
4307
50345
45537
64253
32079
66741
95020
52975
83732
24461
52358
15229
36448
76544
30637
64875
38046
28831
92832
70859
84133
22814
78247
32050
48674
28608
74693
95789
53852
57089
96029
76223
27292
50098
97331
68673
25486
83643
15098
35515
33594
52340
81183
20290
89948
55497
87856
40048
59111
50305
59052
60607
93457
76356
59225
74447
24043
6009
76235
74915
34244
46129
51228
90633
32313
45633
154
18721
23776
4720
18559
80968
39147
41254
78082
33600
58794
56334
54078
98819
71129
68392
51644
39871
73218
94504
22628
90961
174
97435
72069
68271
80001
75577
32414
9290
70372
75550
22864
54557
77271
61787
30874
30799
23070
22521
4096
26699
1949
94078
30235
17460
99705
26564
23156
5052
63284
76593
97717
87282
22201
21120
40630
45466
10962
14968
72208
94223
36499
95453
60583
75991
92377
50760
1198
24901
22942
92966
51057
53707
94158
44347
35742
77133
33001
78958
76295
28070
82277
74158
13986
40269
71111
13354
75666
21976
65384
75678
48695
13089
67694
81210
21648
6674
4458
85070
53935
75255
56714
5260
3970
72333
84552
88421
38128
51991
45680
36727
83207
18049
12452
68063
91205
33612
62275
19012
24089
61237
4283
48334
60041
43032
88797
7082
62183
79210
54846
39747
81901
90669
39424
99904
95408
32200
4984
73146
14340
93090
86950
33167
23415
5025
6386
28262
71209
73063
87480
99876
20980
80349
6419
59528
44592
85936
4892
4866
43097
86645
38795
34592
20245
99989
80416
39693
52057
68091
98178
19979
21448
24260
55574
70149
8019
89647
68477
75002
64147
12338
15036
19355
10852
30561
29549
36901
3704
46093
2950
43832
12906
87933
80290
19228
87784
72035
4482
10944
35461
33280
10024
43283
55405
18800
56553
98123
50570
84752
19482
37897
47681
36904
5086
59894
45764
97826
26293
93996
74207
37117
70916
18763
49758
13385
23501
33327
40867
25859
51175
77210
24148
92766
56036
51623
83269
51744
21706
988
30032
50813
36957
64830
23481
86536
19652
30201
50116
71537
21386
81341
57331
27093
85735
86879
18715
47859
14430
56945
24774
38260
59078
2713
31573
60604
53669
14961
507
5039
6560
40181
75909
5405
90063
4227
87954
89161
20048
7748
7800
87050
39419
2237
96362
79216
56643
89755
29904
34825
35192
22269
96989
99667
97683
95585
14364
56414
36167
53183
68683
63221
61194
57509
15233
58269
98039
14942
90576
5551
73796
84950
32544
16722
35497
14146
68317
34285
74813
48589
38430
52598
14638
82097
28934
87612
14913
84149
44701
55850
87410
38286
36198
51317
70842
7055
61547
81995
88519
97503
17616
32689
92867
40624
84312
48165
88338
60134
85792
29378
69874
51259
57317
59749
75983
37812
1459
42321
14409
80802
19066
10566
48649
26426
90534
52232
93428
42751
3843
57346
74833
39503
64312
98607
95592
60875
54527
49266
92728
84329
53090
90371
68460
18745
47152
78014
16222
38715
57152
33874
36340
1686
67908
79419
22252
28059
14685
83009
79404
15315
50295
74735
7996
21189
49314
12371
84579
64892
28169
23413
30431
27557
46103
6223
33752
84596
49686
15439
14615
95937
9411
80426
12541
61354
14146
50004
97528
76062
601
18507
7452
91611
39118
87779
68572
32992
89315
60486
39596
17989
40759
62918
28905
17086
34447
20222
47949
64254
48341
41043
20829
86868
396
87907
93567
7115
84445
41275
90234
58737
60637
49373
68360
41097
80768
42803
62532
42648
11484
20059
86746
9903
85282
60512
8114
28988
76035
53315
5826
97278
62122
11995
88180
42914
73582
89397
31344
67541
93775
19934
96513
26586
59044
14047
75237
51396
14287
99857
20556
61328
9610
18886
40574
11793
89213
11671
86646
85140
78348
24064
79860
39036
60501
98872
29351
56394
42993
96768
26503
12189
87543
78765
6291
15650
93992
30868
49133
61404
14892
59332
70868
64587
81005
92064
74351
38260
23083
34788
23540
33202
90838
37150
38665
93887
57718
29069
24004
24488
58748
48714
78866
81486
991
43256
77990
42165
12750
69374
56271
74557
4005
83994
56701
79324
87400
12349
68655
92135
72374
967
77581
48651
64717
73653
243
30184
23090
40639
33032
55133
19463
27207
62005
55211
52437
82455
58285
37738
58878
59530
52833
56583
15885
6536
8433
21038
12620
82355
99496
66605
73836
50337
20580
85015
98457
25193
60191
88815
65254
41584
57435
32294
3979
10022
16119
56599
33822
60882
81421
62715
13799
80724
54582
44651
15054
62326
67784
58107
35328
7869
13609
53266
58997
71229
19831
34669
12059
60495
26982
82930
71375
50220
96763
1351
52805
28897
53151
79535
69514
23115
30900
33406
44753
52277
44283
89349
1712
87311
96543
993
5055
71658
82416
36376
87515
80178
78119
75637
32634
91747
46850
7484
4685
65184
45806
63719
66018
34505
11171
56904
49597
60663
96479
77816
83179
6976
34411
48846
71370
63210
3353
94195
43866
85042
36267
27772
19789
85736
98909
38481
81172
25878
14904
73400
76203
88695
51073
7507
23632
90773
71961
59302
72386
29201
97095
68929
52590
66337
54792
78603
70978
71482
25754
55703
90485
20765
34591
55466
79826
57395
25922
68884
66854
24366
94043
47321
51656
10772
65051
46174
18268
69379
79595
66248
15801
15231
31890
42105
17465
99890
30566
93214
16265
41346
38845
42175
85921
55953
874
48566
98847
89076
82625
24536
47109
52724
96092
75830
98633
13868
18925
48007
36995
74167
211
15704
6649
78834
20656
38302
15868
78176
87343
88871
98430
4736
44524
35801
91487
18090
73385
86895
53058
65837
32578
94184
79896
78072
13025
36847
64886
64234
97429
15495
71224
95902
99426
1504
77352
96876
74786
88361
69865
76216
53552
27802
41263
10141
67676
87161
61628
52179
49572
82574
99067
31609
80613
74212
63157
85449
21637
47091
31224
15924
37941
17029
73588
38686
64263
81607
21664
50015
51637
29405
50955
83206
36790
51064
48108
83783
95570
35651
76369
32412
64727
22000
42165
70063
21896
22445
71115
70710
3783
71240
81806
99267
34811
96546
26185
47709
81836
83145
48185
98321
41489
3836
15608
17080
82070
35315
32960
51518
77778
50738
79109
75634
54782
92730
49410
91927
20832
45277
47070
65729
84288
94946
98442
51313
93895
22015
15169
22268
20309
84279
36051
64111
89351
20496
24965
92065
91270
69205
66316
83576
40560
70735
88193
4343
53116
57222
24214
79280
22616
90844
41639
67043
70909
12081
80732
38742
82879
79616
1478
96810
67691
22317
6158
76680
59891
93622
96143
73759
48306
79568
12871
29666
17776
29921
54861
64491
14569
95936
30774
62014
29241
60615
20972
3653
47690
14151
835
60902
58309
22769
79217
97159
69072
33018
36817
46410
62479
46860
10638
94512
84624
76870
93576
9548
21365
66554
16829
43143
13255
60358
11066
28128
93401
82660
25812
11421
55945
39979
23203
69488
97650
71346
79009
77772
51277
98860
18302
39994
37150
34923
65392
61496
8161
17389
32100
1734
49250
4121
28054
15851
20
1170
50869
78833
20611
23059
50373
51385
54225
18372
96684
77637
11352
30010
79567
65032
29940
94804
16572
25503
67958
14867
29944
97210
23039
65999
38508
60253
10024
30446
50512
92742
10467
93925
85668
61703
62695
82991
16207
59643
52008
44250
2839
99257
4934
99172
43208
71232
77972
77447
6176
79421
33654
19145
95255
67309
77010
35923
84584
84774
58386
72614
71067
56763
84581
12081
73828
71064
57345
32989
35848
81209
97898
82636
37320
69022
25262
54813
85052
48126
34359
33435
54248
85297
89239
76692
32671
98987
45909
75713
68482
10630
91904
88616
51753
55699
25313
19324
81274
86394
90196
42901
95685
53740
17121
22029
60709
52205
49536
67664
89297
35143
8158
81091
52039
63077
10062
61629
98737
33421
33357
10451
70589
56605
3016
49313
93050
67192
77646
18942
78844
5668
19184
31791
51746
22204
38294
59760
31128
67590
16562
60793
1076
13687
20314
39596
16248
76163
18067
66809
11088
57131
88962
74915
10857
60425
34330
8829
69056
80937
66491
45779
43587
15089
209
99235
15378
70691
32710
76535
20787
31442
10235
3232
58740
20130
89031
94228
21981
92936
90513
17538
6912
42617
92776
80173
7422
6750
7127
90279
70404
28399
47055
11782
35353
27823
2579
19875
39248
43926
36483
60483
89604
48729
81840
90990
27022
43636
75092
47412
51330
67079
49718
84237
45471
28210
83362
65486
45821
9185
25558
10470
41624
67948
17832
64349
70810
76218
26907
65429
18112
33678
675
13195
7768
32873
95226
99733
59149
99678
49933
42097
13298
54562
63296
30841
78008
71455
79922
42501
83088
16789
77181
76736
95574
30963
23463
91458
27169
82734
55731
95299
5656
92470
65744
40495
91982
73508
53766
23534
98744
74910
13414
89713
57936
26114
352
96905
50683
87987
34729
56470
1443
27345
8136
749
72490
26978
70706
88161
82223
96657
62414
15965
70792
8467
62170
95149
7791
55220
95799
3518
54763
38422
83479
2040
70197
1376
72759
15670
50411
16955
86694
84762
9685
66488
22192
64715
46567
61170
83101
79036
7513
40102
11567
11583
81438
3825
77748
46074
94493
45303
16066
66223
81041
23202
68878
86879
47301
82300
78514
68599
76934
24628
51986
84912
12556
71726
8838
93268
39904
97
49452
28270
82097
644
2747
98982
13363
56770
51902
72799
99269
17852
93840
56177
423
35873
23456
68292
7739
93902
37898
32065
60988
43598
55144
9087
94573
39675
72523
842
7723
61519
72282
41289
78188
89178
70047
97782
12215
11090
36301
57407
26978
75664
31281
15233
37395
7369
43445
17673
13361
99104
63388
76539
80050
89398
31666
19674
87182
58007
96478
10066
29438
73930
99569
34858
32330
75982
32920
76191
51927
8970
31035
45709
5535
57690
65076
98077
81725
67872
83357
22818
48755
74945
41427
53880
24184
3465
52279
64955
54903
2447
24059
96024
14532
54183
14729
3919
28484
11000
64165
401
27878
1105
39912
52267
92277
16113
1841
53330
5882
15103
54141
60948
59843
52854
22974
2307
3179
62330
31733
42509
86468
94732
1156
79992
9357
78926
91154
19217
39459
3911
86104
40103
6549
38124
69641
28390
58775
36221
91154
52946
91405
14094
88793
54964
21623
63292
11222
21465
75898
96885
10463
80168
88289
62298
63388
87092
36760
32100
83215
95427
54732
72185
62732
52921
91928
37057
99165
85585
59797
24788
60456
16293
97822
26035
89546
95176
41988
74318
88769
14819
91112
4463
40355
95638
18214
47745
45429
28456
73198
70314
70655
51674
48539
38477
58874
40231
56434
44460
89916
78364
38012
84536
71400
36076
22597
93795
94428
11338
36770
99799
64767
73040
92164
70286
26111
52741
2075
55636
30267
96525
54002
75747
12912
56278
53048
37807
30080
1108
80848
52793
44473
75117
19791
61620
99317
80460
659
48408
47227
69476
4809
5683
4371
36193
8577
23133
33527
98477
12856
79579
47359
327
22971
6484
15748
97793
86103
9900
3164
46049
23072
79011
91467
56771
40814
96840
83485
50051
90095
68058
24638
96902
67984
42220
67247
86138
54222
70819
79580
53940
13969
69283
36339
99563
50334
62672
11756
34179
55397
39061
50990
79634
44279
6974
35029
86575
24712
57515
76259
6708
16111
98699
91292
59195
70484
67617
76304
89858
88754
83471
95277
60802
98489
47969
99658
5696
91070
94653
60541
83263
630
36481
8055
88075
85969
78510
32729
23421
38447
2939
6300
40754
15270
15989
68065
42549
22851
31263
61671
29282
37474
22037
91648
5457
55218
24868
40029
10037
60930
91467
60250
13615
19541
94915
26809
82961
92095
87278
56906
53780
6884
98771
81459
86394
67974
88233
77498
55227
4687
7059
4393
76237
97101
64691
77459
6049
57189
31792
89880
12905
14122
28731
46950
92175
52667
73101
7241
24015
46269
63322
77160
49673
96079
35102
42069
57447
51883
26071
89496
1338
1889
8614
11948
58814
73835
90571
21503
41198
29608
49380
93883
12198
52040
20477
61940
47809
76021
19251
61224
36005
56692
48153
26448
77024
49262
35924
52786
63327
48669
28947
83772
55554
68412
45183
31271
78090
97657
83387
4924
83261
15815
69356
17875
40859
60336
16008
89467
21625
84460
58161
28384
56706
34170
43401
31591
71870
53084
69069
34081
50169
19420
91421
73981
95657
33563
96671
96991
50224
28154
20729
15811
74907
23953
17348
72157
25727
68922
44036
69649
58001
95246
21145
57917
45551
21393
10166
23559
44149
17360
15172
21957
50130
35703
30384
88286
40229
44635
41523
84664
27361
24976
1726
45131
42661
67181
36631
81375
87377
71513
97082
54700
97849
30115
14259
44560
71111
33754
15719
32795
44529
44634
18368
21779
73892
58398
96250
63650
90829
6365
56039
82409
74973
71764
65809
16631
88517
3929
22306
91486
97175
9180
190
27809
38176
85620
24832
252
96558
93270
56019
64139
94051
52069
19945
84784
13536
67543
89994
23054
82916
44156
66257
2666
70489
11884
34427
50594
61852
45951
20976
81461
10474
26557
10227
10725
72025
32164
37129
11870
50028
55951
84515
42831
63032
80889
4012
20007
12912
58319
29118
4853
30469
61353
52655
37613
8034
75221
71565
29413
64690
71185
91384
36262
16915
63823
81808
77838
81592
84274
11121
73407
4350
59179
56023
13587
37555
99874
37387
17644
83535
42086
32729
97134
7090
57336
48501
21230
37902
92950
27357
59233
431
58542
45516
1168
86682
78895
94793
32623
77677
73957
59139
43234
14011
54441
21153
67342
16743
16294
75963
50862
6487
13720
55325
59985
38777
33155
8134
82106
91368
83152
56857
38782
5955
81104
59524
69400
8714
27878
50758
50048
77372
55413
92249
81046
37890
37664
63719
71803
11073
76191
18656
11807
4658
26946
41800
24238
5339
48196
17916
87668
2861
67723
39073
52733
36528
3959
68163
64995
34302
35720
82054
23487
72610
37285
23128
20839
87129
42999
76351
88152
22687
30641
268
81693
40803
50416
81941
35740
20751
84483
29501
26960
94284
56553
15933
59357
15539
89112
66010
67221
2785
65200
83059
62202
47938
80713
88197
18611
9174
28308
95229
52826
30092
35969
52453
90526
45002
94676
82764
15849
73267
56613
71285
43436
31118
1652
35120
54185
83522
3399
33544
5599
90992
40040
92309
73077
18281
50238
36712
40972
68295
81062
8579
29278
58325
29081
83475
79265
93962
98652
89732
37821
16835
6614
5472
4962
20779
96310
67826
10850
41530
47407
7787
72453
88553
5568
7438
96891
47177
7695
96601
76098
50910
97044
28520
48192
55246
453
84969
95733
53346
61690
62493
84496
43360
92668
25454
25973
2691
21710
45804
62118
63646
71893
99463
99896
60375
91179
41177
46531
64779
89484
78897
21296
90413
11819
195
46906
78474
82775
20042
2457
57092
61979
98162
4384
52114
48624
75955
76650
73773
27208
82899
86437
30265
72972
36613
71116
52173
78519
31552
48451
93667
42306
48981
58972
6806
2890
99329
99555
33117
30122
43125
1761
77314
48709
79836
90439
39662
48042
15838
41584
22228
29565
55882
8023
8864
13880
53020
45470
93264
59746
54453
75226
44073
70745
81126
93577
92134
74604
45801
73342
78271
49778
13478
59113
88176
30109
612
847
78506
28227
43913
63792
73665
87959
95147
56069
14349
3389
89354
75393
26218
84832
21712
90455
76345
52811
99103
72774
96282
9791
67540
19061
7662
92957
55448
31062
28569
63260
94890
52845
52609
31210
32397
94916
58091
17502
93245
68678
55206
39977
81902
35264
71392
76144
70347
99177
74895
42403
50996
8580
42999
22516
91471
74423
82978
7971
38161
57778
86929
42086
98690
38493
45691
68020
76766
45805
42696
28804
89527
97737
77082
9034
79428
32331
36704
83253
82032
28176
20878
32182
81275
86875
34071
67029
72472
90788
69689
73921
41221
32469
46239
54022
65005
57443
95254
85958
83845
36585
59813
29076
77644
70437
90370
44863
40568
41516
13231
94580
62223
22379
76492
105
34223
83420
44051
71237
50010
64565
99104
30085
5938
58979
61553
29506
90250
57277
65982
92583
81864
65940
83718
67402
10197
9134
47896
97651
66005
56838
91282
31195
36725
49428
56482
53167
17430
67738
33745
44900
50182
74612
69510
64910
19084
94654
73239
26215
46064
15561
11212
4100
90143
34603
38862
30346
4691
54842
62951
28519
46665
71225
62999
22372
65714
37266
26540
20543
95507
26130
48947
1894
99069
65230
19345
4372
81336
32804
48332
13926
37546
21583
89758
9934
75534
76549
12246
34263
24932
55401
74179
40588
65584
57971
56579
97069
86700
35634
79035
65576
16881
51537
76834
37712
29333
18366
62603
17209
74805
38357
22644
25460
46395
19574
60580
73957
42320
80620
76991
76267
52836
80004
56259
90599
7324
15901
23669
51974
78288
96889
31161
4542
75894
84093
15801
16973
79614
17576
90858
63942
52595
1871
54983
82312
61417
58049
88761
66278
84819
90449
88657
84129
11972
14729
67855
23948
94560
69948
19934
15939
29600
27438
2848
59688
65869
22287
71990
87411
89632
45843
97427
32366
6540
39971
8328
45517
96409
52332
89722
81229
24817
96012
50823
41843
1488
46817
6663
63532
29871
66045
13533
4754
73111
83225
51930
64493
79004
3078
14282
54999
86646
88271
55312
7286
39056
35089
56335
2509
85732
34475
98701
65056
1961
81388
68108
4268
84570
95503
41694
38233
27573
90885
60401
30161
49748
54847
38227
591
52550
5116
79933
61327
88769
8967
86186
37799
39671
91213
47181
78855
66941
19657
16218
1824
13103
60654
62144
86035
32889
85668
70789
24768
76907
95377
70603
70786
91251
4476
53751
29053
32354
73218
79695
12434
20148
16659
53515
57808
11188
97112
92197
23371
49826
46890
55201
8781
64155
22796
6766
27700
19020
6662
39274
80139
5381
59914
17364
16128
93763
16736
85013
69494
18374
52453
98583
74005
61076
1709
52908
34576
3183
12493
28200
60873
53243
53347
67323
1192
23486
93751
1554
3911
24560
66839
77911
59472
15153
49241
51984
96308
67853
53870
31706
35952
29265
3755
54532
67806
98555
51004
63593
85978
57615
76662
6188
72223
99075
90893
92027
5049
83829
12853
25321
49028
70436
99060
49412
5322
16898
7746
44284
82527
76011
10891
43608
90526
74179
24254
21710
48992
40616
98716
3041
44776
74196
71937
85970
3240
774
31067
54750
98270
84152
54998
39152
81233
40411
6448
61668
77936
92642
33179
59638
70751
47055
76066
13769
912
47415
92344
66955
27542
32845
88050
85297
2269
17039
74299
64757
13885
62419
79441
86126
41886
2784
2229
80341
27186
65012
20512
19060
50637
64150
77708
51597
4119
82019
7754
40993
24696
2578
75903
64637
65053
33146
81091
20224
838
29333
75464
25999
44279
76188
2318
48431
42583
70768
46403
24046
44639
96521
73950
4255
73250
28484
72952
62415
51498
43443
49686
46453
11894
15608
68229
69981
7582
20413
82441
71190
43286
72671
37455
149
44831
67816
41271
80635
79636
84979
77493
12784
82234
59973
98198
73744
21366
46908
34608
2133
27535
25984
25920
57032
83793
28313
58729
90180
49511
22694
37636
41746
6593
4925
26507
20896
26642
67622
62762
33878
54015
24363
25814
88971
5336
95490
13615
62465
51143
38460
15660
2280
25920
5074
57716
53088
60016
79514
14954
87812
44282
24253
93914
98825
55815
10974
15548
66517
4471
93267
24485
17581
26673
71957
43535
3434
13360
18944
99769
14213
40108
33859
42095
91252
77358
38338
37371
68954
90130
67360
6724
38809
18614
13578
12594
35275
90265
32842
67119
22194
26401
94429
36903
94068
91356
54489
55659
36220
21045
40083
30113
47735
18809
44595
18734
50738
11344
55447
77018
89849
31878
76759
54089
86871
17950
72397
86874
47084
53079
29900
50422
22144
7024
69148
74567
86542
72315
11293
20115
55274
38733
63536
51703
8754
81021
22001
81507
35375
25511
70762
75689
2451
23191
75398
51005
92321
71679
2284
85649
22801
68448
1187
56704
55038
2978
81600
15498
6671
84451
50770
72623
8369
97015
91485
28290
71490
72108
41111
27109
7770
84995
16391
12313
36888
65503
44594
55057
67679
60475
62998
71012
91909
79574
17089
68120
84520
3183
61648
28464
7141
6255
41173
11708
58838
25932
11604
63458
22044
53310
51096
47385
11238
68119
31984
58749
64377
60453
42897
98349
23768
25097
48799
89609
70371
59240
8225
77008
79318
15777
37339
14495
78456
48628
77869
82059
93555
822
20010
8649
3147
41478
62526
40514
93569
6884
26111
59207
20249
95683
78668
42136
37642
50154
61198
18781
65033
91155
23692
91023
80789
31943
57242
33515
28987
9917
12367
88784
19423
21000
40100
9765
92519
75139
92373
51872
39391
29923
43479
22844
38942
46141
74778
2944
83712
29999
6847
83523
83051
14335
54231
43001
77725
62288
36434
95291
17285
92528
66201
2779
40454
69406
60013
30426
98963
8999
56890
19515
48674
91245
17555
55817
19882
27129
77289
10617
69326
33507
18009
71497
23519
61378
55518
2795
12852
74325
75115
32982
4762
32592
52630
5662
93786
14946
54424
15681
96530
67810
67435
4950
92224
59260
15860
88256
20409
17104
74981
58084
74179
29102
8059
54300
87849
47760
46329
76249
25795
88225
99049
14281
38740
5677
25649
56573
45433
6084
35007
33935
41638
87984
45332
12584
69981
76060
72161
6530
25420
5514
61499
4614
88017
60109